#             ID               RA              DEC            z            Mstar              SFR          deltaMS         deltaMS2         deltaGas          cosmoAge
#
            3189       10.0979000       14.6137000       0.0383     1.111730e+10         2.366240       0.37939700       0.17912200       0.08758135      12.79120000
            3261       13.8859000       15.7758000       0.0375     1.196740e+10         1.493830       0.16507400      -0.04514000       0.07845587      12.80220000
            3465       18.0909000       15.0108000       0.0290     1.541700e+10         0.215442      -0.71487800      -0.96547800       0.02372471      12.91070000
            3509       19.2985000       13.3409000       0.0482     6.382640e+10         1.243540      -0.30642000      -0.70864700       0.02232509      12.66670000
            3524       19.3171000       14.6224000       0.0380     5.370310e+10         0.319687      -0.83625800      -1.23025000       0.01249403      12.79570000
            3519       19.3671000       14.7044000       0.0427     5.559040e+10         3.013750       0.12038600      -0.27191300       0.02371304      12.73590000
            3504       19.5977000       13.6246000       0.0380     1.442120e+10         0.738774      -0.18282700      -0.41539300       0.04673629      12.79550000
            3819       25.4300000       13.6758000       0.0453     4.688130e+10        10.745700       0.70478100       0.33640600       0.12111225      12.70370000
            3962       30.9964000       14.3104000       0.0426     8.016790e+10         6.328520       0.36189700      -0.07523890       0.07714478      12.73720000
            4017       31.3231000       13.5057000       0.0257     1.678810e+10         0.674139      -0.23152600      -0.49637200       0.02413051      12.95300000
            3977       31.9353000       14.0816000       0.0323     1.828100e+10         0.435695      -0.45304000      -0.72104200       0.01111371      12.86800000
            4030       32.4145000       13.9832000       0.0491     2.142890e+11         1.153600      -0.60968600      -1.15758000       0.01306623      12.65560000
            4038       32.8409000       14.5043000       0.0417     5.199960e+10         1.496370      -0.16669800      -0.55214500       0.02989881      12.74910000
            4048       33.0808000       13.6127000       0.0414     3.580960e+10         1.537300      -0.07213820      -0.41225100       0.03736363      12.75190000
           13775      117.9820000       27.3030000       0.0264     3.741110e+10         0.375468      -0.66239000      -1.02612000       0.00861039      12.94350000
           56375      119.3320000       11.2061000       0.0463     6.950240e+10         1.279330      -0.30880000      -0.72382900       0.03218217      12.69110000
           56319      120.8450000        9.9627300       0.0346     1.370880e+10         0.471668      -0.35990700      -0.58987100       0.03182243      12.83870000
           51563      121.1760000       15.7757000       0.0293     2.999160e+10         0.776667      -0.30443600      -0.63718400       0.03773777      12.90630000
           56304      121.3920000       10.3934000       0.0340     7.762480e+10         1.494900      -0.23884900      -0.68326600       0.01061421      12.84590000
           32308      129.8930000       25.4771000       0.0292     1.037530e+10         0.323855      -0.45157900      -0.65278700       0.02987297      12.90760000
           16695      135.3150000        4.1181000       0.0279     1.164130e+10         0.351057      -0.43916300      -0.65607500       0.05637355      12.92480000
           25752      135.3520000       10.2002000       0.0368     3.589220e+10         2.347250       0.12087300      -0.22509700       0.06401988      12.81100000
           25763      135.7970000       10.1520000       0.0296     1.300170e+10         1.649810       0.20530800      -0.02347270       0.10759532      12.90260000
           57017      140.6220000       14.4621000       0.0323     3.435580e+10         0.335155      -0.70543400      -1.05142000       0.01754692      12.86820000
           20133      143.1520000        9.8405400       0.0487     7.177940e+10         5.328230       0.29828700      -0.11749500       0.03367177      12.65990000
            8349      144.9730000        3.8139500       0.0286     2.317390e+10         0.881836      -0.19131900      -0.49292000       0.04299549      12.91550000
           18686      148.2610000        7.8414900       0.0410     3.556310e+10         1.903130       0.02300020      -0.31678600       0.05621675      12.75740000
           20292      148.4550000        9.1937900       0.0294     4.698940e+10         0.296173      -0.82164100      -1.20999000       0.01635765      12.90540000
           20286      148.6640000        9.4446400       0.0346     3.411930e+10         0.990046      -0.23834100      -0.58069100       0.04743284      12.83870000
           14831      151.3760000        5.6720700       0.0445     1.629300e+11         1.164730      -0.53418300      -1.05529000       0.01557357      12.71360000
           26221      154.1600000       12.5774000       0.0316     9.660500e+10         3.705510       0.11283000      -0.36190300       0.07002530      12.87730000
           26368      154.9220000       12.8430000       0.0329     1.845010e+10         1.775410       0.15389200      -0.11459600       0.09075688      12.86060000
           26311      155.7900000       12.2395000       0.0451     1.339680e+11         1.340450      -0.43120000      -0.92765200       0.00753690      12.70610000
           22999      155.8180000       11.8557000       0.0454     4.385310e+10         4.616820       0.35236800      -0.00770387       0.07883007      12.70190000
           23120      158.3860000       11.8756000       0.0338     1.078950e+10         0.844979      -0.05249970      -0.25379000       0.08534846      12.84900000
           15181      160.0120000        6.0205800       0.0470     1.513560e+11         1.476190      -0.42062100      -0.92931200       0.01790323      12.68230000
           15155      160.2300000        5.9914100       0.0274     1.545250e+10         3.731080       0.52625200       0.27363400       0.50162669      12.93090000
           15166      160.3380000        6.2789800       0.0339     1.042320e+10         1.251150       0.12534300      -0.07156650       0.04092163      12.84760000
           29555      160.4400000       13.8980000       0.0314     2.398830e+10         0.107508      -1.11862000      -1.42122000       0.00999418      12.87930000
            8914      161.0090000        4.6630100       0.0265     2.648500e+10         1.476450       0.00755148      -0.31306900       0.06197836      12.94210000
           23453      164.5010000       11.9871000       0.0345     1.333520e+10         1.908980       0.25351700       0.02685790       0.05509152      12.83990000
            5442      165.1350000        2.1160700       0.0394     1.267650e+11         3.606750       0.02360020      -0.47382600       0.02403605      12.77720000
           29624      165.2100000       13.5976000       0.0340     2.074920e+10         1.088910      -0.08646380      -0.36818700       0.11731225      12.84630000
           12371      168.2770000        5.2341700       0.0433     6.251720e+10         2.289100      -0.02620240      -0.43214000       0.02327901      12.72890000
           12293      170.1220000        4.1283800       0.0494     2.070140e+11         0.956524      -0.68409800      -1.22736000       0.01143739      12.65170000
           12460      170.2010000        3.8391800       0.0491     9.440620e+10         0.345321      -0.95165300      -1.40019000       0.01078460      12.65540000
           29842      170.3820000       13.4266000       0.0341     6.266140e+10         2.342390       0.00300180      -0.41485100       0.07437477      12.84440000
           17865      172.3360000        8.6023300       0.0269     1.923090e+10         1.216650      -0.00719199      -0.28761200       0.06152887      12.93780000
           29892      172.4430000       15.3336000       0.0366     1.051960e+11         1.119360      -0.43716200      -0.91550700       0.01117987      12.81260000
           24168      184.0520000       13.4376000       0.0262     2.735270e+10         0.156755      -0.97284900      -1.29785000       0.01308082      12.94610000
           24183      184.4340000       13.1710000       0.0428     5.888440e+10         4.389340       0.27066800      -0.12849200       0.08922218      12.73420000
           24741      184.4620000        8.4302800       0.0490     8.203510e+10         4.410430       0.18591300      -0.24567900       0.02617545      12.65620000
           18421      185.0270000       10.0748000       0.0434     3.999450e+10         1.849090      -0.02045160      -0.37170900       0.02777375      12.72710000
           24094      185.1260000       11.3409000       0.0430     1.207810e+11         0.817192      -0.61868600      -1.10524000       0.01212245      12.73140000
            6375      186.8650000        3.3021300       0.0488     1.132400e+11         8.831410       0.41644500      -0.05452430       0.05780036      12.65910000
           18469      188.2150000        8.7399800       0.0338     1.412540e+10         1.004710      -0.03654300      -0.27104300       0.06324883      12.84870000
            6506      190.7890000        3.5811900       0.0486     5.847900e+10         7.043590       0.46518400       0.07411800       0.11483426      12.66120000
           26822      192.8710000       13.7818000       0.0376     1.069060e+11         2.798600      -0.04482740      -0.52389500       0.03991819      12.80080000
           40494      194.2690000       10.6207000       0.0463     1.448770e+11         1.219650      -0.49242700      -0.99665700       0.01260654      12.69010000
           13227      194.9590000        5.0475600       0.0482     1.659590e+11         1.267470      -0.51001400      -1.02820000       0.01323407      12.66700000
           40439      196.0630000        9.2234600       0.0351     8.933060e+10         5.319450       0.27919800      -0.18113500       0.05645690      12.83250000
            6749      196.9620000        3.1946600       0.0386     1.315230e+11         1.091470      -0.50169600      -1.00481000       0.01405088      12.78800000
           40781      199.8930000       10.4549000       0.0480     1.264740e+11         2.177870      -0.21416300      -0.69968300       0.02895510      12.66980000
           25448      202.5160000       12.1752000       0.0447     4.808400e+10         1.845780      -0.06470940      -0.43685000       0.01972634      12.71070000
           40024      203.4090000       13.2360000       0.0433     1.432190e+11         0.162719      -1.35772000      -1.86478000       0.00578976      12.72870000
           13512      204.0510000        4.7400900       0.0344     5.395110e+10         0.478019      -0.65489500      -1.05395000       0.00592821      12.84100000
            7050      207.2900000        2.7532100       0.0487     9.727470e+10         0.283164      -1.04362000      -1.49629000       0.00770221      12.66030000
           13624      207.9680000        3.4550200       0.0296     2.051160e+10         2.728440       0.32382700       0.03855740       0.08987224      12.90220000
            9301      210.8210000        4.3631700       0.0461     2.157740e+11         1.309700      -0.54915600      -1.10217000       0.01036873      12.69320000
            7286      213.6340000        3.1902600       0.0269     5.345640e+10         1.426320      -0.16176300      -0.56932600       0.00698007      12.93770000
           38462      213.9410000       10.4389000       0.0258     5.571860e+10         0.709264      -0.47183200      -0.88597700       0.03012379      12.95190000
            9514      215.5400000        4.5211400       0.0266     3.250870e+10         0.212044      -0.88023300      -1.22625000       0.01224691      12.94100000
            7493      216.8340000        2.8383800       0.0262     3.647540e+10         2.577210       0.18013700      -0.18067900       0.06857183      12.94600000
            9619      217.1390000        3.2620000       0.0278     1.091440e+11         0.621678      -0.68059000      -1.17568000       0.00478585      12.92610000
            7561      218.3990000        2.6387100       0.0285     3.845920e+10         0.295105      -0.77739000      -1.14202000       0.01955830      12.91710000
            9814      218.4510000        3.9568700       0.0293     7.464490e+10         0.536276      -0.66505600      -1.11088000       0.02307698      12.90620000
            9704      220.2470000        3.1370900       0.0266     8.871560e+10         0.372526      -0.85500900      -1.32595000       0.01429189      12.94120000
           38758      221.9310000        9.5381700       0.0292     6.025590e+10         0.175747      -1.10246000      -1.52183000       0.00628410      12.90730000
           10019      222.9720000        3.3632700       0.0309     4.764310e+10         1.035180      -0.28435000      -0.67256100       0.03994211      12.88660000
           41783      224.3790000        8.3906600       0.0371     1.216190e+11         0.983876      -0.52617800      -1.02172000       0.01378608      12.80670000
           39119      227.3590000       10.2884000       0.0275     1.524050e+10         0.691133      -0.20319900      -0.45399000       0.09201769      12.92960000
           10218      227.9180000        3.6761700       0.0463     5.780960e+10         3.568560       0.17744600      -0.21514300       0.06119046      12.69070000
           39270      228.0860000        9.3499300       0.0346     1.393160e+10         1.430180       0.11833500      -0.11363300       0.05263547      12.83890000
           42025      228.7810000        7.0212500       0.0367     7.498940e+10         0.636249      -0.60815200      -1.04479000       0.01510346      12.81170000
           41969      228.8810000        6.3703800       0.0352     2.654600e+10         4.458440       0.46921800       0.15844500       0.08880559      12.83160000
           39548      231.3440000        9.7312000       0.0347     2.612160e+10         2.437620       0.21152800      -0.09781010       0.05713152      12.83770000
           39595      231.8200000       10.0445000       0.0435     7.430200e+10         3.184220       0.07838620      -0.34828300       0.04255575      12.72560000
           39567      231.9480000        9.6249100       0.0312     3.706810e+10         1.115890      -0.19744500      -0.55415300       0.02440822      12.88210000
           26958      236.7260000        5.8912100       0.0419     1.798870e+11        20.624800       0.69806500       0.16120600       0.01358490      12.74640000
           47221      237.2610000       17.9404000       0.0318     3.435580e+10         0.825917      -0.31274300      -0.65930700       0.02297106      12.87430000
           42402      237.8550000       25.7608000       0.0458     1.061700e+11         1.296340      -0.39586700      -0.86303400       0.00773524      12.69700000
           10831      330.8440000       12.6493000       0.0272     2.897340e+10         0.241111      -0.80056300      -1.13151000       0.01236875      12.93300000
           10850      331.4120000       12.4226000       0.0357     1.918670e+10         0.350434      -0.56501300      -0.83520400       0.03328437      12.82490000
           10841      332.7990000       11.8007000       0.0270     2.306750e+10         0.445138      -0.48392000      -0.78680600       0.02572034      12.93610000
           10885      333.0520000       12.2052000       0.0276     1.101540e+10         1.598390       0.23184000       0.02146590       0.09839321      12.92880000
           10943      333.9190000       13.6047000       0.0276     1.682670e+10         0.355613      -0.51363600      -0.77662400       0.02638941      12.92840000
           10948      334.1540000       13.2540000       0.0258     1.037530e+10         0.132824      -0.83202200      -1.03682000       0.02729461      12.95170000
           10952      334.2410000       13.5431000       0.0262     2.930890e+10         0.085588      -1.25062000      -1.58430000       0.01703238      12.94700000
           11071      344.3610000       13.0016000       0.0256     3.597490e+10         0.719238      -0.36987000      -0.72969500       0.01286857      12.95360000
           11120      345.9290000       13.9265000       0.0270     2.540970e+10         2.521770       0.24807300      -0.06680810       0.03725632      12.93570000
           11223      346.5680000       13.9823000       0.0356     4.335110e+10         4.643890       0.37812600       0.00748836       0.14737490      12.82600000
           11311      348.1220000       13.9423000       0.0342     8.222430e+10         0.534290      -0.69875100      -1.15002000       0.02369805      12.84350000
           11298      348.3770000       14.0639000       0.0393     1.267650e+10         0.347890      -0.48399000      -0.69936900       0.11232440      12.77910000
           11295      348.3950000       13.9868000       0.0398     1.241650e+11         0.555540      -0.78501500      -1.27943000       0.02348260      12.77280000
           11270      349.5710000       13.5741000       0.0396     1.177610e+10         0.969761      -0.02314280      -0.22915200       0.04276878      12.77500000
           11349      349.6510000       15.2997000       0.0256     1.345860e+10         1.073580       0.01912780      -0.21832700       0.06856933      12.95470000
           11437      350.5640000       14.0807000       0.0265     3.605790e+10         0.449801      -0.57610000      -0.93512300       0.01329689      12.94220000
           11408      350.6140000       13.8159000       0.0260     1.124600e+10         1.199180       0.10567000      -0.10900600       0.06739324      12.94970000
           11514      350.8610000       15.4196000       0.0428     1.849270e+10         1.822690       0.14493100      -0.11282600       0.04707679      12.73400000
           11808      358.2390000       15.7125000       0.0478     5.997910e+10         4.330880       0.25008400      -0.14506800       0.02567349      12.67140000
           11845      359.1850000       13.9099000       0.0364     4.008660e+10         3.170710       0.22786600      -0.13212000       0.08142392      12.81540000
           11824      359.4480000       15.6137000       0.0380     1.778280e+10         0.938941      -0.12491300      -0.38317700       0.02516790      12.79520000
            4216       28.9666000       14.9403000       0.0438     5.457580e+10         9.646170       0.62728600       0.23864900       0.13442629      12.72160000
           23685      170.7980000       13.1177000       0.0470     5.058250e+10         2.464690       0.04483280      -0.33067000       0.07538487      12.68200000
           24426      189.0950000       13.6029000       0.0305     1.333520e+10         1.256360       0.07962920      -0.15129900       0.10295117      12.89080000
           28168      190.2290000        8.0564500       0.0476     1.517050e+10        12.719400       1.02314000       0.79462400       0.07734127      12.67380000
           35981      208.2850000       35.7140000       0.0411     1.981530e+10         1.241610      -0.03351310      -0.30166600       0.05188666      12.75650000
            9483      215.2360000        3.8715200       0.0354     5.164170e+10         2.233570       0.02210160      -0.37028900       0.03087828      12.82810000
            9551      216.8850000        4.8216300       0.0268     8.128300e+10         1.890120      -0.13095700      -0.59075800       0.08254125      12.93880000
           38717      222.3720000        9.0792100       0.0405     2.600160e+10         4.599520       0.47642000       0.17435300       0.05343160      12.76390000
           42013      229.0190000        6.8476300       0.0369     5.902010e+10         4.964730       0.33634100      -0.07055980       0.10658409      12.80880000
           11112      345.6680000       13.3291000       0.0277     6.531300e+10         2.887030       0.09896120      -0.33250800       0.06593901      12.92780000
            1977      349.5650000        0.2611800       0.0297     6.039490e+10         1.323180      -0.22727000      -0.64631400       0.03569287      12.90120000
           11513      350.6650000       15.7348000       0.0412     4.130480e+10         0.191128      -1.00868000      -1.36649000       0.00693945      12.75440000
           23194      158.3890000       11.8714000       0.0340     3.908410e+10         4.987590       0.43527000       0.07545640       0.03489712      12.84620000
           11019      339.5440000       14.4406000       0.0358     1.132400e+10         0.328712      -0.47701500      -0.68218000       0.06066677      12.82350000
           11340      348.3190000       14.9044000       0.0357     1.258930e+10         3.844410       0.56781800       0.34954700       0.21870168      12.82430000
           11994        6.4957300       14.3480000       0.0372     1.468930e+10         0.911797      -0.09398590      -0.32963600       0.05970328      12.80530000
            4230       29.2908000       14.5499000       0.0262     1.013910e+11         0.566281      -0.70149200      -1.18956000       0.00539556      12.94600000
            4045       32.8898000       13.9172000       0.0264     2.930890e+10         4.542940       0.47372600       0.14038000       0.10487825      12.94340000
            4041       32.9039000       14.5126000       0.0262     2.570390e+10         0.943423      -0.17975700      -0.49702900       0.02412139      12.94620000
            3981       33.5183000       13.1990000       0.0416     3.548140e+10         4.367980       0.38297400       0.04424300       0.03866255      12.74920000
           51276      118.5190000       13.9541000       0.0296     2.365920e+10         2.490900       0.25309900      -0.04992660       0.07426664      12.90290000
           51336      119.0710000       14.6027000       0.0472     1.002310e+11         0.613716      -0.71111000      -1.16933000       0.01842502      12.67860000
           56312      121.2350000       10.4392000       0.0343     1.261830e+10         1.161070       0.05011680      -0.16994800       0.07440822      12.84250000
           19918      129.6960000        7.4807100       0.0461     6.637420e+10         1.806020      -0.14861700      -0.55818700       0.02196533      12.69250000
           19949      135.0460000        7.7261000       0.0288     4.886530e+10         1.764710      -0.05387930      -0.44778800       0.04376928      12.91260000
           56662      135.7290000       13.6607000       0.0299     1.757920e+10         0.457302      -0.41853300      -0.68441900       0.07412524      12.89930000
           56632      136.1540000       13.5541000       0.0280     1.004620e+11         0.897894      -0.50322900      -0.98774800       0.01804777      12.92360000
           16655      136.1650000        5.5120500       0.0333     4.275620e+10         0.762961      -0.39840500      -0.77013900       0.02379470      12.85490000
           14712      139.7420000        5.8884000       0.0382     3.548140e+10         4.249280       0.37810700       0.03530590       0.12043853      12.79240000
           16841      142.9020000        6.9523900       0.0318     1.158780e+10         1.127860       0.06113710      -0.15108000       0.07938629      12.87480000
           14784      144.8470000        6.4016700       0.0317     1.188500e+11         1.364030      -0.36705200      -0.86717800       0.00750818      12.87510000
           26056      147.5300000       12.7461000       0.0295     1.303170e+10         1.727020       0.22480500      -0.00433314       0.06393741      12.90350000
           18702      147.7150000        8.2279800       0.0297     1.599560e+10         0.658826      -0.23901300      -0.49334400       0.05701928      12.90100000
           18673      148.2570000        7.4601200       0.0384     2.404360e+10         3.399060       0.36645300       0.07166690       0.09065279      12.78960000
           18681      148.3520000        7.8323000       0.0389     4.709780e+10         0.467430      -0.64437600      -1.02108000       0.01190009      12.78360000
           26040      148.4050000       12.1293000       0.0301     1.011580e+10         0.789185      -0.06099000      -0.25809500       0.04412923      12.89570000
            5035      150.4700000        3.0113200       0.0442     5.929250e+10         1.104050      -0.33310900      -0.73144700       0.01589811      12.71750000
           18877      155.1050000        7.6771700       0.0453     9.225720e+10         0.724199      -0.61648600      -1.06724000       0.01439032      12.70350000
           18887      155.2310000        8.3137500       0.0456     5.780960e+10         0.666493      -0.54974000      -0.94321600       0.02858419      12.69960000
            8724      155.6300000        4.5824300       0.0285     7.464490e+10         1.358120      -0.25976200      -0.70663100       0.02403552      12.91630000
           23088      156.6500000       12.0402000       0.0314     4.197590e+10         1.292280      -0.16131600      -0.53321500       0.05849147      12.88010000
           23026      156.8420000       11.0800000       0.0324     1.455460e+11         1.370740      -0.41091400      -0.93515800       0.01721816      12.86660000
           26598      158.4580000       12.8784000       0.0251     2.944420e+10         1.544790       0.00702540      -0.32849600       0.04276759      12.96050000
           26570      159.7750000       13.3649000       0.0324     1.004620e+10         0.583217      -0.19522100      -0.38910400       0.05293073      12.86640000
           23227      159.8050000       12.1919000       0.0481     1.503140e+11         1.021060      -0.58172400      -1.08803000       0.00776557      12.66820000
           15211      160.1030000        6.8604800       0.0304     7.691300e+10         1.201400      -0.32363300      -0.77177400       0.02814801      12.89280000
           26639      160.1920000       13.7833000       0.0317     1.753880e+10         0.071799      -1.22589000      -1.48939000       0.04046215      12.87510000
           15165      160.4270000        6.1959200       0.0331     3.443500e+10         0.458308      -0.57169900      -0.91701100       0.03037154      12.85800000
           15151      160.7140000        5.8598900       0.0334     9.749900e+10         1.404980      -0.31437400      -0.78782300       0.03099400      12.85450000
           23320      160.8750000       12.0877000       0.0266     1.312200e+10         1.129730       0.04479800      -0.18840100       0.06793314      12.94160000
           23245      160.9130000       12.0607000       0.0262     1.294200e+10         0.900224      -0.05010040      -0.28196500       0.03573718      12.94620000
            8945      163.3140000        4.3342000       0.0415     6.683440e+10         3.802080       0.18326600      -0.23310300       0.05433326      12.75150000
            8096      133.2290000        3.1523400       0.0000     1.896710e+10         0.929950      -0.06534280      -0.37566700       0.04915950      13.29100000
           22822      147.9370000       35.6221000       0.0270     3.630780e+10         3.224520       0.27686200      -0.08245500       0.05874117      12.93630000
           33737      149.7140000       32.0731000       0.0266     4.864080e+10         1.327810      -0.17152500      -0.56774000       0.02137662      12.94170000
           55541      158.1960000       21.2156000       0.0428     4.159110e+10         4.683910       0.37585600       0.01906580       0.10251701      12.73500000
           23419      162.8270000       12.7565000       0.0399     2.443430e+10         4.031160       0.43410600       0.13895200       0.08402758      12.77170000
           48521      169.4120000       26.5850000       0.0474     1.954340e+10         1.287980      -0.02701880      -0.28658700       0.03537764      12.67730000
           24496      169.5410000        7.7816500       0.0421     3.990250e+10         1.938130       0.00328034      -0.34931000       0.06427859      12.74400000
           48604      171.9430000       26.9596000       0.0334     3.953670e+10         0.944176      -0.28877400      -0.65077600       0.01285686      12.85420000
           29871      173.0520000       13.4925000       0.0344     1.489360e+10         1.534430       0.13459600      -0.10581900       0.04147684      12.84140000
           50550      190.3670000       28.7912000       0.0351     1.940890e+10         1.633370       0.10211500      -0.17015100       0.08710481      12.83240000
           13074      192.8940000        5.8635600       0.0486     7.128530e+10         4.554130       0.23193500      -0.18317900       0.06450072      12.66160000
           13159      196.3560000        3.9915900       0.0436     2.328090e+10         1.214660      -0.08379530      -0.36877300       0.04629814      12.72410000
           51161      201.3450000       27.2491000       0.0345     1.402810e+10         1.507040       0.13967200      -0.09321840       0.10001292      12.83970000
           42191      223.5160000       30.8463000       0.0320     1.324340e+10         1.206430       0.06058950      -0.16787600       0.03720940      12.87160000
           41743      225.5170000        6.8230300       0.0462     2.818380e+10         0.834144      -0.29457600      -0.59987600       0.07081852      12.69130000
           41869      227.3400000        7.0777300       0.0415     1.409290e+10         1.510190       0.12599400      -0.10005500       0.07310845      12.75150000
           28365      235.3440000       28.2297000       0.0321     2.275100e+10         3.999290       0.46206200       0.16684600       0.11367884      12.87000000
           31592      118.6320000       16.8073000       0.0459     2.529300e+10        14.412700       0.96754100       0.67504300       0.14205417      12.69530000
           36169      118.6340000       16.8042000       0.0462     2.673010e+10        14.564200       0.95936200       0.66041100       0.12298560      12.69230000
           31775      119.1740000       17.9912000       0.0411     3.732500e+10        11.927600       0.80926200       0.46364800       0.02995778      12.75650000
           17135      121.9220000       25.9253000       0.0470     3.365120e+10        18.333100       1.00666000       0.68064700       0.06926412      12.68220000
           32257      127.4350000       22.4244000       0.0250     1.577610e+10         3.754480       0.52927400       0.27138900       0.22459243      12.96210000
           32568      134.7410000       28.9017000       0.0424     2.285600e+10         5.281400       0.56099300       0.27690900       0.12521359      12.73930000
           32619      136.2500000       28.3477000       0.0484     1.011580e+10         3.479320       0.54848100       0.36997300       0.12430294      12.66360000
           25852      139.5190000       10.8857000       0.0480     1.698240e+10         1.006410      -0.10423500      -0.34608000       0.05817141      12.66950000
           22436      139.9770000       32.9333000       0.0490     2.636330e+10        34.453500       1.33064000       1.03658000       0.15967349      12.65670000
           33039      142.6110000       27.7756000       0.0433     2.322740e+10         5.851930       0.60024300       0.31516100       0.11900878      12.72840000
            8335      143.8740000        3.6550400       0.0463     1.037530e+10         2.424180       0.38993300       0.20623200       0.09790345      12.69020000
           26151      149.7870000       13.0594000       0.0360     2.108630e+10         6.854160       0.70483800       0.42343500       0.36813325      12.82030000
           23577      167.4550000       12.7715000       0.0426     2.735270e+10        11.709000       0.86670900       0.56089700       0.13289519      12.73700000
           48369      167.8040000       28.7119000       0.0292     2.070140e+10         4.673870       0.55644200       0.26954100       0.10771834      12.90770000
             522      171.0780000        0.6437300       0.0263     1.196740e+10         2.525260       0.41483400       0.19278300       0.07160587      12.94530000
           12533      172.8170000        4.6524400       0.0331     1.230270e+10         3.919440       0.58633500       0.36815300       0.13866551      12.85750000
           30332      185.8010000       14.3890000       0.0424     3.118890e+10         8.435690       0.69569500       0.37363800       0.16653362      12.73940000
           30439      188.5430000       15.9682000       0.0460     1.132400e+11         7.105270       0.32824000      -0.14648200       0.09132702      12.69430000
           13005      192.8570000        3.8665400       0.0486     1.923090e+10         7.841840       0.75868500       0.50238300       0.21051710      12.66220000
           25327      203.1010000       11.1064000       0.0317     1.078950e+10        24.906900       1.42097000       1.21752000       0.40797067      12.87550000
             947      204.2000000        1.1538900       0.0469     2.454710e+10         5.385140       0.54471700       0.25692500       0.12644718      12.68340000
           35649      205.0130000       29.1373000       0.0446     1.770110e+10         3.765190       0.46626500       0.21572800       0.14171082      12.71220000
           44718      207.6440000       29.3729000       0.0383     2.844460e+10         5.284700       0.52139200       0.20579400       0.14091369      12.79160000
           44710      207.9870000       29.3124000       0.0358     1.445440e+10         9.867600       0.94674400       0.71150100       0.05215033      12.82390000
           13666      210.0370000        4.0807800       0.0404     1.496240e+10        12.296400       1.02566000       0.79112200       0.26130972      12.76530000
           44942      210.5250000       26.0609000       0.0330     2.779710e+10         8.356760       0.73630700       0.41738200       0.11931593      12.85860000
           31188      210.8000000       34.6846000       0.0442     1.018590e+10         3.076560       0.50161600       0.31798100       0.09508074      12.71750000
            1115      214.5620000        0.8911100       0.0260     1.291220e+10         5.774790       0.75809400       0.52623400       0.22891600      12.94950000
            1137      215.8110000        0.9783500       0.0401     1.901080e+10         3.611660       0.44121300       0.17709800       0.07695539      12.76830000
           24973      218.8270000       35.1187000       0.0285     4.111500e+10        12.440300       0.83271200       0.45986800       0.04363318      12.91630000
            1221      218.8560000        0.3343300       0.0346     1.599560e+10         6.841290       0.76760200       0.51866300       0.21206123      12.83820000
           41728      221.1430000        8.9371000       0.0278     1.513560e+10         4.108580       0.57183800       0.32223900       0.06478681      12.92570000
           38809      221.5840000       10.5222000       0.0314     1.145510e+10         2.926520       0.47853400       0.26732100       0.14404838      12.87990000
           41904      226.3250000        8.1535500       0.0392     1.297180e+10        29.564400       1.44034000       1.22210000       0.05526111      12.77960000
           20790      227.0200000       34.3872000       0.0449     3.176870e+10         7.749500       0.64974000       0.32829600       0.14628556      12.70850000
          113008      209.2310000       14.1423000       0.0150     2.023830e+09         0.385143       0.00602432      -0.00414844       0.15480462      13.09170000
          113011      209.7770000       17.9347000       0.0176     1.276690e+09         0.199927      -0.18305700      -0.13313600       0.11224273      13.05780000
          114010      217.1940000       27.2507000       0.0148     5.177990e+09         2.069650       0.53296100       0.40405100       0.09896744      13.09520000
          108016      128.4860000       26.9727000       0.0117     3.697280e+09         0.606818       0.07871480      -0.01053170       0.09439032      13.13500000
          108021      133.8280000       27.3462000       0.0173     4.347990e+09         0.505429      -0.04598770      -0.15047200       0.09766573      13.06240000
          101004       20.3778000       14.5050000       0.0141     8.251840e+09         0.627093      -0.08535760      -0.27378000       0.04813387      13.10430000
          108026      128.0150000       24.0109000       0.0183     6.872360e+09         2.013480       0.45289200       0.29184900       0.26267718      13.04920000
          108029      122.8160000       25.1794000       0.0138     4.121470e+09         0.966094       0.25335400       0.15232500       0.05896356      13.10780000
          114021      216.0970000       13.7984000       0.0168     2.386110e+09         0.307982      -0.12984200      -0.15928600       0.09706415      13.06900000
          109010      143.5110000        9.4792000       0.0102     5.600770e+09         0.367089      -0.22652800      -0.36992000       0.09386414      13.15560000
          109011      146.3980000        4.4105900       0.0198     3.199870e+09         0.243698      -0.30072100      -0.36435300       0.04258892      13.02920000
          110013      154.3030000       13.1921000       0.0175     5.124100e+09         0.427220      -0.15501500      -0.27998500       0.08553228      13.06010000
          108045      124.7710000       21.7914000       0.0150     1.213630e+10         1.571340       0.22804400      -0.00804159       0.17491494      13.09190000
          108050      124.8320000       21.0589000       0.0162     5.616340e+09         0.728140       0.05899460      -0.07876260       0.06735710      13.07670000
          101007       20.2889000       15.6948000       0.0171     2.794010e+09         0.542681       0.08127100       0.03227600       0.06773079      13.06440000
          108051      134.0170000       13.4220000       0.0140     1.291540e+09         0.060391      -0.69944100      -0.65377300       0.06527661      13.10530000
          109028      141.8700000        3.9296000       0.0177     1.174190e+10         1.557930       0.22611600      -0.00283267       0.12469235      13.05650000
          108054      134.9540000        5.0608500       0.0125     8.421070e+09         0.628147      -0.08599500      -0.27863100       0.06315659      13.12480000
          114041      215.9270000       34.0090000       0.0129     6.872690e+09         0.808787       0.06700070      -0.09951140       0.10129604      13.11940000
          112035      194.7720000       27.6444000       0.0182     4.680610e+09         0.760596       0.11384700       0.00094460       0.11413820      13.05080000
          114046      213.6710000       13.3782000       0.0166     2.447770e+09         0.842634       0.30209200       0.26926100       0.22119325      13.07170000
          112038      189.4220000       27.1296000       0.0156     1.454280e+09         0.887738       0.43944500       0.47139400       0.36703169      13.08430000
          109038      135.8190000       18.2611000       0.0115     1.613960e+09         0.739428       0.34435300       0.35987700       0.23316821      13.13770000
          124004        6.3933700        0.8468470       0.0178     2.026240e+09         0.325554      -0.07203720      -0.08003170       0.07144771      13.05530000
          108064      126.5310000       21.4567000       0.0149     3.648540e+09         0.379398      -0.12815600      -0.21276700       0.09782373      13.09330000
          111027      179.3610000       25.2331000       0.0149     2.346960e+09         0.202145      -0.30582300      -0.33479800       0.05797034      13.09360000
          124006        4.9472100        0.5907950       0.0178     5.672700e+09         0.548275      -0.06940560      -0.20683700       0.07527519      13.05570000
          110017      158.9140000       28.5658000       0.0147     7.081070e+09         1.375750       0.28775800       0.11933300       0.09714029      13.09560000
          109045      141.3140000       10.8867000       0.0120     7.276430e+09         0.116617      -0.78463900      -0.95934000       0.04047520      13.13170000
          113062      200.3950000       26.3047000       0.0166     8.085610e+09         0.702351      -0.03652020      -0.21978400       0.12179687      13.07180000
          109050      149.6510000       13.2553000       0.0117     1.830470e+09         0.347323      -0.01126650      -0.01157780       0.09742055      13.13610000
          112050      192.1710000       34.4776000       0.0142     2.606490e+09         1.126250       0.41862000       0.37580500       0.17133213      13.10270000
          113067      209.5200000       15.3148000       0.0187     7.750420e+09         1.937380       0.40913000       0.23345800       0.08956359      13.04320000
          111035      167.6880000       12.0161000       0.0108     5.612680e+09         0.702996       0.05394640      -0.08905220       0.05857631      13.14690000
          109058      148.0160000       19.6511000       0.0161     8.060470e+09         0.440450      -0.23769000      -0.42099700       0.05421893      13.07730000
          108080      120.3940000        9.3048500       0.0152     2.057990e+09         0.022480      -1.23178000      -1.24390000       0.04247769      13.08910000
          114072      210.9430000       14.8681000       0.0147     1.166690e+09         1.142550       0.59842400       0.65743000       0.48007741      13.09670000
          109066      137.3490000       22.5139000       0.0149     9.665550e+09         0.280850      -0.47009100      -0.67761300       0.01865320      13.09370000
          124010        5.9974700       15.7704000       0.0177     8.496710e+09         2.935290       0.57152300       0.38325000       0.15037594      13.05640000
          110038      150.5680000       19.2157000       0.0167     9.951520e+09         0.513621      -0.21775700      -0.42703500       0.04247343      13.07030000
          112068      181.0410000        1.8259800       0.0172     4.730680e+09         0.351319      -0.22219300      -0.33733200       0.05724554      13.06300000
          122002      340.2940000       13.3399000       0.0173     2.922050e+09         0.488398       0.02551890      -0.02899320       0.11206178      13.06260000
          110040      156.2870000       13.6014000       0.0186     6.794910e+09         0.295944      -0.37797800      -0.53727800       0.05402217      13.04510000
          109072      145.1330000       28.9693000       0.0189     4.748150e+09         0.577864      -0.00987091      -0.12391300       0.05554407      13.04180000
          111047      175.7250000        0.1618600       0.0184     1.436180e+09         0.476071       0.16679800       0.20255900       0.24486812      13.04720000
          110041      159.9130000       25.3227000       0.0172     8.588760e+09         3.250280       0.61441400       0.42426500       0.16817305      13.06290000
          109077      147.8270000        9.1392300       0.0178     3.192040e+09         0.105839      -0.65884100      -0.72395100       0.04330776      13.05510000
          124012        1.6220800       14.1824000       0.0178     5.556440e+09         0.161621      -0.59541900      -0.73024200       0.09467888      13.05560000
          108093      128.8760000       23.6762000       0.0168     8.679610e+09         0.674244      -0.07004090      -0.26202300       0.07437468      13.06920000
          114090      217.1980000       13.8212000       0.0176     1.769360e+09         0.370023       0.01346980       0.02231090       0.13489833      13.05860000
          108094      130.7350000       13.6416000       0.0168     4.775120e+09         1.487550       0.40334000       0.28661500       0.17569342      13.06860000
          123006      348.4460000       13.6876000       0.0154     6.991830e+09         1.096000       0.19052600       0.02437370       0.08323935      13.08700000
          109081      149.1770000       15.6365000       0.0152     1.670020e+09         2.416840       0.84509800       0.85927800       0.76750961      13.08980000
          113091      207.7050000       17.2821000       0.0175     1.459350e+09         0.204005      -0.20316100      -0.17014000       0.23659402      13.05930000
          113098      198.3970000       29.1265000       0.0201     7.201860e+09         0.221001      -0.52026900      -0.68537000       0.09505680      13.02580000
          123008      356.7160000       14.4807000       0.0196     2.721290e+09         0.231563      -0.28716300      -0.33071200       0.13706384      13.03270000
          109088      149.7220000       15.3799000       0.0155     3.331730e+09         0.320113      -0.18323000      -0.25588100       0.05178422      13.08610000
          111057      177.1350000       12.7053000       0.0146     1.935470e+09         0.132011      -0.44859300      -0.45347700       0.08688465      13.09710000
          108106      122.5290000       18.6384000       0.0163     7.051490e+09         7.617720       1.02893000       0.86264900       0.25965275      13.07490000
          109092      144.5110000       27.6566000       0.0178     4.995280e+09         0.401011      -0.17764500      -0.29907000       0.07746100      13.05540000
          110054      161.0100000       22.2575000       0.0197     5.663690e+09         0.199315      -0.51209300      -0.64744700       0.04896665      13.03080000
          113100      195.1490000       27.5742000       0.0170     7.838860e+09         0.385711      -0.29086100      -0.46980000       0.09550684      13.06650000
          123010      349.4020000       14.0012000       0.0148     8.746700e+09         2.429100       0.48874600       0.29372000       0.16332434      13.09500000
          108113      124.6070000       29.9596000       0.0199     7.575670e+09         0.611242      -0.08904090      -0.26071400       0.05002809      13.02870000
          111063      179.6060000       25.0977000       0.0141     4.103060e+09         0.118499      -0.65759400      -0.75774000       0.03708993      13.10340000
          109097      144.6440000        8.8879000       0.0109     8.922390e+09         0.027424      -1.45521000      -1.65693000       0.00884847      13.14660000
          101021       19.2233000        0.1531270       0.0189     1.657760e+09         0.276305      -0.10144200      -0.08334850       0.09304738      13.04140000
          109100      146.6290000       15.8863000       0.0128     3.220020e+09         0.130439      -0.56088200      -0.63168600       0.04537531      13.12140000
          109101      136.0200000       22.0616000       0.0103     1.019050e+09         0.137526      -0.28462600      -0.21178200       0.04528000      13.15380000
          109102      140.3140000        3.1510900       0.0118     2.383610e+09         0.380328      -0.02918990      -0.06284270       0.15755237      13.13470000
          110059      159.8050000       31.1140000       0.0189     2.598540e+09         0.234954      -0.26963100      -0.30796900       0.04797313      13.04140000
          109103      144.1700000        2.7035500       0.0189     2.835700e+09         0.136195      -0.52539800      -0.57472500       0.03670329      13.04180000
          111067      172.4090000        9.9675900       0.0197     1.856040e+09         0.314745      -0.07081200      -0.06625280       0.13871829      13.03100000
          109106      148.4650000       13.6151000       0.0163     4.435420e+09         0.484221      -0.06708560      -0.17502800       0.11404993      13.07550000
          114113      210.7910000       12.1704000       0.0172     1.180580e+09         0.243725      -0.07927400      -0.01984930       0.08233429      13.06370000
          114115      212.1370000        3.0243000       0.0175     4.439100e+09         0.326730      -0.24044400      -0.34729200       0.10671638      13.05900000
          109108      146.0810000        9.9847900       0.0102     4.128690e+09         0.078781      -0.82894600      -0.93365000       0.07420701      13.15550000
          113114      196.6590000       28.8485000       0.0160     1.076490e+09         0.841332       0.48072200       0.55090500       0.44189101      13.07870000
          111070      177.5840000       25.9619000       0.0125     2.283210e+09         0.965097       0.38320600       0.35565900       0.23318716      13.12470000
          101025       18.6558000        1.1814900       0.0154     6.865550e+09         0.447063      -0.19499100      -0.35882900       0.08140028      13.08680000
          109112      141.5350000       34.8954000       0.0163     2.910690e+09         1.630860       0.55175100       0.49686300       0.18805376      13.07540000
          110063      163.8030000        5.8625600       0.0116     1.491910e+09         0.158339      -0.30811400      -0.28254500       0.06033093      13.13630000
          114117      216.5720000       15.6860000       0.0198     1.643670e+09         0.190703      -0.26221100      -0.24229400       0.08496216      13.02910000
          107026      118.6380000       29.7108000       0.0167     2.342500e+09         0.383505      -0.03053490      -0.05768480       0.06967957      13.06940000
          114121      215.2040000       25.9588000       0.0149     5.928700e+09         0.233956      -0.44339000      -0.58926200       0.08812879      13.09370000
          113118      204.6240000       30.9869000       0.0160     1.314060e+09         0.239420      -0.10830700      -0.06327900       0.07987080      13.07930000
          112106      180.9040000        2.6304700       0.0193     2.118260e+09         0.044373      -0.94971200      -0.96206700       0.11134092      13.03630000
          113122      209.6890000       20.6619000       0.0162     7.773090e+09         0.585289      -0.10650900      -0.28514900       0.06852913      13.07610000
          113124      200.7130000       31.8259000       0.0179     2.559930e+09         0.555447       0.10904800       0.07172320       0.10605058      13.05450000
          111079      174.2580000       15.5706000       0.0133     7.636180e+09         0.854265       0.06722980      -0.11222400       0.06642586      13.11460000
          114127      214.3910000       25.1145000       0.0171     3.379950e+09         0.085825      -0.76102900      -0.83397500       0.03638510      13.06440000
          108129      123.0620000       35.1571000       0.0176     2.958540e+09         0.386427      -0.07944290      -0.13523600       0.09936659      13.05850000
          111086      174.8110000       14.9924000       0.0142     4.397180e+09         0.414029      -0.12933400      -0.23819500       0.04970174      13.10310000
          124027       13.1163000       14.5183000       0.0182     6.039410e+09         0.527494      -0.10058300      -0.24547600       0.05700242      13.05030000
          111088      178.5740000       32.8610000       0.0107     2.045690e+09         0.157817      -0.37620700      -0.39143000       0.07565653      13.14900000
          111090      176.5510000       10.5955000       0.0102     1.224480e+09         0.255913      -0.05451030      -0.00501795       0.08704067      13.15480000
          111091      178.7440000       26.2025000       0.0171     5.021990e+09         0.488243      -0.09208710      -0.21482600       0.07108001      13.06410000
          109126      143.7460000       25.8257000       0.0131     1.395030e+09         0.162809      -0.28401800      -0.24875300       0.08514776      13.11650000
          112112      186.4170000       20.5285000       0.0183     8.224180e+09         0.502854      -0.18873700      -0.37229500       0.11688148      13.04870000
          108142      124.8160000       19.3132000       0.0192     4.115850e+09         0.901546       0.21373600       0.11796600       0.05812370      13.03720000
          113136      206.7550000       33.8936000       0.0166     6.024280e+09         0.698845       0.02509780      -0.12105300       0.08367377      13.07090000
          101037       24.4047000        0.0401744       0.0165     2.056460e+09         0.318820      -0.08198180      -0.09297360       0.10850186      13.07310000
          114136      216.8710000       29.9520000       0.0146     1.755550e+09         0.460151       0.11499300       0.12235500       0.11636236      13.09810000
          114137      210.5010000       10.8306000       0.0135     1.178850e+09         0.224809      -0.10793700      -0.05114030       0.21418505      13.11220000
          113141      197.8820000        8.7432000       0.0134     3.436560e+09         0.386306      -0.10454700      -0.18302200       0.10376821      13.11350000
          122006      343.2440000        1.1425900       0.0165     3.162330e+09         0.401216      -0.07569280      -0.14082400       0.09582781      13.07250000
          114141      210.1820000       31.8942000       0.0147     2.828870e+09         0.900195       0.30276600       0.25001400       0.07807174      13.09680000
          108147      123.8480000       28.7353000       0.0198     4.334850e+09         0.616341       0.03619250      -0.06552230       0.09020368      13.02940000
          108148      130.7200000       25.0704000       0.0172     3.125790e+09         0.289831      -0.21573000      -0.27873000       0.03810810      13.06280000
          114144      217.1490000       25.7089000       0.0135     7.246520e+09         0.118249      -0.78067000      -0.95325600       0.27030416      13.11150000
          112116      194.0250000       27.6781000       0.0164     1.314430e+09         1.253870       0.60997300       0.65531300       0.51230882      13.07340000
          110080      154.6550000        3.2636100       0.0144     1.580610e+09         0.268833      -0.09538460      -0.07490970       0.25615952      13.10020000
          113150      209.6610000        7.2165200       0.0147     8.464420e+09         0.706149      -0.04041940      -0.23145500       0.07524627      13.09680000
          109139      139.1660000        7.2663800       0.0187     3.903970e+09         0.879391       0.21528100       0.12570500       0.09726619      13.04330000
