# ID      RA          DEC        z             deltaGas               Mstar                   SFR                   e_SFR                  M_H2                    e_M_H2                 LOGMH2      LOGMH2_ERR  
  3189    10.09787    14.61375   0.03833014    0.10975452627344957    1.111730516412439E10    2.366237355420643     0.0                    1.220174561725847E9     2.2393620437919357E8   9.086422    0.183528    
  3261    13.88588    15.77582   0.037457053   0.09782415173899578    1.1967407205190823E10   1.4938315387121708    0.0                    1.1707014583629384E9    2.0611981149377313E8   9.068446    0.17606522  
  3465    18.09092    15.01085   0.028976131   0.028159999622837023   1.541699477941679E10    0.2154415076357057    0.04946905826087617    4.341425671736572E8     8.592786228504173E7    8.637632    0.19792545  
  3509    19.29855    13.34094   0.04820212    0.029611690631037763   6.382639346941208E10    1.243544227353243     0.14673784911207516    1.8900074175111196E9    3.38247801006168E8     9.2764635   0.17896639  
  3524    19.31707    14.62238   0.03797013    0.015624690255360996   5.370312303176601E10    0.3196867391456704    0.08784170411533744    8.39094663116887E8      1.5724857657149366E8   8.923811    0.18740267  
  3519    19.36713    14.70443   0.042692732   0.030473677400561422   5.559041107841189E10    3.0137465363780547    0.0                    1.6940442537681196E9    3.011305382604749E8    9.228925    0.17775837  
  3504    19.59767    13.62457   0.037989203   0.058453614468773236   1.4421166688995256E10   0.7387743541318718    0.04673201731531015    8.429693178284438E8     1.4761343531128758E8   8.925812    0.17511128  
  3819    25.42995    13.67579   0.045252044   0.15794759992046636    4.6881287152597755E10   10.745747923458149    0.16100718647297516    7.40478678693501E9      1.2559564044121072E9   9.869513    0.16961412  
  3962    30.99645    14.31038   0.042593073   0.09908217274638638    8.016785844715463E10    6.3285248915083185    0.1407309388093661     7.943205599368826E9     1.3433646272990296E9   9.899996    0.16912122  
  4017    31.32309    13.50573   0.02569477    0.028097983662063664   1.6788054927284273E10   0.6741385536555456    0.07469291301916921    4.717104930646609E8     8.690331541127832E7    8.673676    0.1842302   
  3977    31.93529    14.0816    0.032304578   0.013449465484193427   1.8281005694060165E10   0.43569541011083873   0.08396153036913938    2.458697550986057E8     4.9944429967653826E7   8.390705    0.20313369  
  4030    32.41449    13.98319   0.049084626   0.0174185730110275     2.1428922198499335E11   1.1535981928497347    0.11489479840556846    3.7326124586218863E9    6.573970989348183E8    9.572013    0.17612252  
  4038    32.84092    14.50432   0.04165048    0.03819323343971657    5.1999552151678375E10   1.4963705671960452    0.12416891808238922    1.9860310340897682E9    3.508533400045316E8    9.297986    0.17666055  
  4048    33.08076    13.61269   0.041430425   0.0476683682418551     3.5809635532226715E10   1.537299034085794     0.14498555908309738    1.706986893156802E9     2.9350924454603994E8   9.23223     0.17194581  
  13775   117.98208   27.30297   0.026431844   0.010069433260368603   3.741105488393102E10    0.3754680699346493    0.0                    3.767081203537303E8     7.642682228379834E7    8.576005    0.20288074  
  56375   119.33214   11.20606   0.04625519    0.04221245372321512    6.950243297985185E10    1.279326919092825     0.0                    2.9338682358128567E9    5.0782686974107873E8   9.467441    0.17309123  
  56319   120.84485   9.96273    0.03459257    0.03902560115821613    1.370882031074937E10    0.4716677991010814    0.09455785145981957    5.3499495379695743E8    1.0075634617393209E8   8.72835     0.1883314   
  51563   121.17628   15.77574   0.02931552    0.044881481527646906   2.999164152293715E10    0.7766667559589623    0.09423275796638847    1.3460693049955115E9    2.3436241552429572E8   9.129067    0.17410873  
  56304   121.3921    10.3934    0.034030255   0.012974411084682369   7.76247730275455E10     1.4949004881496326    0.07849662433148503    1.0071357156145393E9    1.8187652658198276E8   9.003088    0.1805879   
  32308   129.8935    25.47711   0.029213598   0.03550676359107394    1.0375279236998163E10   0.3238554061926728    0.05477346617839839    3.683925870594717E8     6.600888428985554E7    8.566311    0.17918082  
  16695   135.31519   4.1181     0.02788036    0.06648612443234372    1.1641259885093195E10   0.35105734108230224   0.07908911740512814    7.739822532695576E8     1.3989669061270466E8   8.888731    0.18074922  
  25752   135.35239   10.20017   0.03676468    0.07950534876724583    3.589221868570983E10    2.3472542788630864    0.12709107939946715    2.8536233646376176E9    4.959922889085927E8    9.455397    0.1738114   
  25763   135.79688   10.15197   0.029606152   0.12818007190221342    1.300170537334988E10    1.6498128219035735    0.0                    1.6665595296073823E9    2.848939982237802E8    9.221821    0.17094739  
  57017   140.622     14.46205   0.03228598    0.02123247483281016    3.4355814706799656E10   0.3351545350158674    0.08125038074418561    7.294589711228129E8     1.3118128060168925E8   8.863001    0.17983367  
  20133   143.15244   9.84054    0.04874404    0.04480054158799998    7.177942030032623E10    5.328233422497473     0.16587738949911085    3.2157569043272953E9    5.634912727662138E8    9.507283    0.1752282   
  8349    144.97343   3.81395    0.02860539    0.05092321977175123    2.3173934286556957E10   0.8818358203180435    0.08503386766088157    1.180091348650461E9     2.019922575875434E8    9.071916    0.17116663  
  18686   148.26093   7.84149    0.040995903   0.07154180585230717    3.5563102493694626E10   1.903125653724528     0.0                    2.544248574109602E9     4.403155059272555E8    9.40556     0.17306308  
  20292   148.45512   9.19379    0.029390147   0.019462639411401608   4.69894034312157E10     0.2961731987468611    0.062026139039439314   9.145378151386286E8     1.624226485052329E8    8.961202    0.1776008   
  20286   148.66438   9.44464    0.03459173    0.05816922266229453    3.4119290562808006E10   0.9900462626634743    0.0996827346075171     1.9846926098275034E9    3.456223982012807E8    9.297693    0.17414404  
  14831   151.37611   5.67207    0.044463113   0.020218367138708546   1.629295631926434E11    1.1647307958850883    0.14575393900728031    3.2941697263782787E9    5.849655504006218E8    9.517746    0.17757602  
  26221   154.15997   12.57738   0.031580023   0.0843863868624352     9.660501152980537E10    3.7055071555370462    0.13391981178391454    8.152147875804169E9     1.376227817750276E9    9.911272    0.16881782  
  26368   154.92207   12.84298   0.032877978   0.11019840102632635    1.8450145440558178E10   1.7754069551279208    0.11352026770768016    2.0331765262526767E9    3.5349000696312666E8   9.308175    0.17386095  
  26311   155.78993   12.23953   0.04506357    0.009818592077230228   1.3396762402697E11      1.3404505294978932    0.15511693043812508    1.3153734518765657E9    2.4437084913602364E8   9.119049    0.18578058  
  22999   155.81842   11.85568   0.0453945     0.10288950153865008    4.3853089807418335E10   4.616823771949978     0.16484610138720784    4.512022551214929E9     7.727489474602664E8    9.654371    0.17126442  
  23120   158.38593   11.8756    0.03379124    0.10418200271497323    1.0789467032756157E10   0.844978811389553     0.0                    1.124068283699716E9     1.924490072236797E8    9.050793    0.17120758  
  15181   160.01234   6.02058    0.046957333   0.02357790361448529    1.5135623120057858E11   1.47618641114719      0.15476989878526795    3.568662630698993E9     6.231894440561585E8    9.5525055   0.17462829  
  15155   160.22997   5.99141    0.02740471    0.5899703071585746     1.5452549010203953E10   3.7310820752407556    0.10831631785794532    9.116545085932953E9     1.5419317826421778E9   9.95983     0.16913554  
  15166   160.3381    6.27898    0.033894118   0.049981538907975694   1.0423165870998634E10   1.251152512812156     0.11006890604840021    5.209658705256026E8     1.0270616593177585E8   8.716809    0.19714567  
  29555   160.43985   13.89803   0.031416826   0.012032440890480285   2.3988335511359203E10   0.10750810621276938   0.0557977445511591     2.8863822910143876E8    5.786817901759096E7    8.460354    0.20048688  
  8914    161.00922   4.66301    0.026535554   0.07252439644177251    2.648502185798847E10    1.4764523461013082    0.09332283919716584    1.920810224997766E9     3.2968519321010214E8   9.283484    0.17163861  
  23453   164.50122   11.98713   0.034498513   0.06752490140590507    1.333521432163324E10    1.9089819968049102    0.07682537378080777    9.004590322948978E8     1.7600233293052036E8   8.954464    0.19545846  
  5442    165.13548   2.11607    0.0394283     0.030313098123239773   1.2676509528185635E11   3.606745471696163     0.1487290533505075     3.8426427718807507E9    6.665614463628409E8    9.58463     0.17346433  
  29624   165.20973   13.59763   0.03399795    0.14337113247277067    2.0749153764409695E10   1.0889105821438971    0.09665216946706225    2.9748296730550704E9    5.0972084708639854E8   9.473462    0.17134455  
  12371   168.27669   5.23417    0.043251824   0.03001232842200307    6.2517201185392204E10   2.2891015845962497    0.1464490575768997     1.8762867740004303E9    3.2968901742914784E8   9.273299    0.17571355  
  12293   170.12183   4.12838    0.04940089    0.015274788998092204   2.0701412760573306E11   0.9565243740234388    0.1185124185378362     3.162097118801707E9     5.656126279558456E8    9.499975    0.17887263  
  12460   170.2013    3.83918    0.049104534   0.01437863650433547    9.440617055177408E10    0.34532060390240205   0.08985831595823686    1.357432010130259E9     2.7467103471519E8      9.132718    0.20234607  
  29842   170.38234   13.42661   0.03414637    0.09097406857056003    6.266137656009497E10    2.3423948755871784    0.0                    5.700560367903763E9     9.786176037549177E8    9.755918    0.17167042  
  17865   172.33624   8.60233    0.026872203   0.07214017392846292    1.9230934856574974E10   1.2166495314135695    0.11508506476339259    1.3873229853602588E9    2.418821721432808E8    9.142178    0.17435174  
  29892   172.44315   15.33364   0.03664261    0.013874296150365985   1.0519626315101175E11   1.1193642616593886    0.11905532808506342    1.4595241088689694E9    2.5969812313965806E8   9.164211    0.17793342  
  24168   184.05154   13.43762   0.02622561    0.015278915240696012   2.735270456156531E10    0.1567553305497408    0.0                    4.1791965459995556E8    7.924454992767513E7    8.621093    0.18961671  
  24183   184.43379   13.17104   0.04282947    0.11474993925153344    5.888442760205689E10    4.389339687570941     0.16959345668636552    6.756984490197348E9     1.1521090188508966E9   9.829753    0.17050639  
  24741   184.46172   8.43028    0.049039446   0.03488554036239678    8.203507084698334E10    4.410425865436302     0.1697857041377735     2.8618377751645164E9    4.9900498029402465E8   9.456645    0.17436522  
  18421   185.027     10.07479   0.04338963    0.035835515781977016   3.999449675659617E10    1.8490939674933011    0.14070129455942212    1.4332234197132306E9    2.5342934940145895E8   9.156314    0.17682473  
  24094   185.12575   11.34094   0.043048333   0.015610526437776936   1.2078132197830705E11   0.8171920734474847    0.10918737923071986    1.8854600199320107E9    3.4301450324098897E8   9.275417    0.18192616  
  6375    186.86507   3.30213    0.048807345   0.07693156791685762    1.1324001046233235E11   8.831407032327098     0.18504971542262408    8.71173155578859E9      1.5058819765341964E9   9.9401045   0.1728568   
  18469   188.21457   8.73998    0.033812817   0.07721539466607336    1.4125363038976318E10   1.0047125813901148    0.09400591231428825    1.0906954818561218E9    1.9442955287732944E8   9.0377035   0.178262    
  6506    190.78902   3.58119    0.04864021    0.15269691440914074    5.847903512477536E10    7.043592701166765     0.2025946332793867     8.929568221176958E9     1.5255794183857043E9   9.95083     0.17084582  
  26822   192.87112   13.78182   0.037572924   0.04980612923518416    1.0690555740991629E11   2.7985952600201447    0.1316411164004078     5.324552008317691E9     9.083212690409182E8    9.726283    0.17059112  
  40494   194.26875   10.62072   0.046335656   0.016543338698206036   1.4487726934297678E11   1.219648591448584     0.12093915566379485    2.3967537364120865E9    4.311894746002862E8    9.379623    0.17990562  
  13227   194.9585    5.04756    0.048179347   0.017551228405181217   1.6595879278457614E11   1.2674737029092664    0.15483425086623234    2.9127806780102363E9    5.222445475911062E8    9.464308    0.17929415  
  40439   196.06268   9.22346    0.035081446   0.06943271992938811    8.933059231371884E10    5.319452237640825     0.15636534352635423    6.202465997244791E9     1.0550901360437747E9   9.792564    0.17010817  
  6749    196.96169   3.19466    0.03857524    0.017633203308729813   1.3152261491772595E11   1.0914658268226978    0.0                    2.3191650085400424E9    3.9698138406004196E8   9.365332    0.17117427  
  40781   199.89294   10.45487   0.04795154    0.038350643832356646   1.2647370362306076E11   2.1778702740440914    0.13609021592943318    4.850347961807037E9     8.413903207476313E8    9.685773    0.1734701   
  25448   202.51624   12.17519   0.04469855    0.025644413283948553   4.8083952583809616E10   1.8457784094068785    0.15693559955215478    1.2330847523849998E9    2.2944595372044483E8   9.090993    0.18607476  
  40024   203.4092    13.23601   0.043266963   0.007465063796470004   1.432188352148532E11    0.16271921283944255   0.0837241207572001     1.069137741735004E9     2.3591504304456565E8   9.029034    0.22065917  
  13512   204.05077   4.74009    0.03441447    0.00726259144554471    5.395110584923193E10    0.4780193481664664    0.08717108522217051    3.91824839818309E8      8.529302950215627E7    8.593092    0.21768153  
  7050    207.29039   2.75321    0.048712693   0.010245999106308776   9.727470358026956E10    0.28316354089414425   0.0                    9.96676525949893E8      2.0086098718473098E8   8.998554    0.20153077  
  13624   207.96838   3.45502    0.02963953    0.10708741278526786    2.051163476029928E10    2.728440120679057     0.0                    2.1965378984768176E9    3.755618710885642E8    9.341739    0.17097901  
  9301    210.82076   4.36317    0.046086032   0.013587233133826059   2.1577425896746332E11   1.309704415675135     0.0                    2.931775160869482E9     5.150472167383823E8    9.467131    0.1756776   
  7286    213.63354   3.19026    0.02687864    0.008184164642930055   5.3456397437149895E10   1.4263197162329517    0.0                    4.37495957843539E8      8.329534033158134E7    8.640974    0.19039111  
  38462   213.94145   10.43886   0.025778694   0.03509391494321179    5.571861208861615E10    0.7092640294086939    0.06512577103772284    1.9553842333917074E9    3.3438874747899294E8   9.291232    0.17100923  
  9514    215.5405    4.52114    0.026622696   0.014338057771393143   3.2508736020551502E10   0.21204410734283133   0.06337340060193801    4.6611213513763666E8    9.80240550548101E7     8.66849     0.21030144  
  7493    216.83388   2.83838    0.026232645   0.08009782437771988    3.647541776047886E10    2.577212074849244     0.08671200040679805    2.9216016058828E9       4.964014018585289E8    9.465621    0.16990729  
  9619    217.13878   3.262      0.027778553   0.005641000326703344   1.0914406048804872E11   0.6216781038133181    0.06021119665689356    6.156816808708124E8     1.1385546075407334E8   8.789356    0.18492585  
  7561    218.39867   2.63871    0.028477717   0.02314733512952209    3.8459181582660904E10   0.29510490303762105   0.0                    8.902275649009956E8     1.6293217776819366E8   8.949501    0.18302307  
  9814    218.45142   3.95687    0.029328395   0.027447529806971193   7.464490075592314E10    0.5362764720161484    0.07085625081688036    2.048818138436607E9     3.513171991349841E8    9.311503    0.1714731   
  9704    220.24709   3.13709    0.026609704   0.016730974319313377   8.871559185281906E10    0.37252574606109407   0.07680089366487627    1.4842982890122027E9    2.5358193604337347E8   9.171521    0.17084298  
  38758   221.93129   9.53817    0.029241133   0.007470426119673974   6.0255921558676094E10   0.1757472524069668    0.0                    4.5013741027696E8       8.494197813638897E7    8.653345    0.18870233  
  10019   222.97246   3.36327    0.030854277   0.047930777230842735   4.764314806132765E10    1.0351787800751393    0.0                    2.2835731163035526E9    3.935033306590271E8    9.358615    0.17231913  
  41783   224.37889   8.39066    0.037108365   0.01715483100434191    1.2161861074720775E11   0.9838756326953879    0.10741193592580517    2.0863467143511899E9    3.5791739185596067E8   9.3193865   0.17155221  
  39119   227.35878   10.28844   0.027507111   0.10828797457356744    1.5240513883474731E10   0.6911326621143185    0.0                    1.6503643799018133E9    2.8561837972420615E8   9.21758     0.17306383  
  10218   227.91817   3.67617    0.046283204   0.08027478713096015    5.7809615911737404E10   3.568558309026404     0.13250036420731992    4.640654611437286E9     8.036484379571828E8    9.666579    0.17317566  
  39270   228.08595   9.34993    0.034577664   0.0645442217290875     1.3931569742636318E10   1.4301814042097005    0.09898500791386544    8.99202326502965E8      1.5728985788703611E8   8.953857    0.17492154  
  42025   228.78146   7.02125    0.036716282   0.01875145834320243    7.498942093324559E10    0.6362485935846406    0.0889555060354721     1.406161002810627E9     2.6285705085754114E8   9.148035    0.1869324   
  41969   228.88145   6.37038    0.035155237   0.10926324210701203    2.654604256214558E10    4.458436830065241     0.11283479992350112    2.9005066754507585E9    4.929233268168611E8    9.462474    0.16994387  
  39548   231.3438    9.7312     0.03467029    0.0700951333374149     2.6121602530706184E10   2.43762159176492      0.0                    1.8309972123768046E9    3.204064992793032E8    9.262688    0.17499016  
  39595   231.81969   10.04452   0.04350991    0.0549462151404442     7.430196339056412E10    3.1842151561818586    0.14892030671376327    4.082611665815345E9     7.049107592782719E8    9.610938    0.17266172  
  39567   231.94762   9.62491    0.031201653   0.029349314456968204   3.7068093016249405E10   1.1158928870498364    0.08278588806897337    1.0879231182540507E9    1.9263064274591616E8   9.036598    0.17706273  
  26958   236.7264    5.89121    0.04186387    0.0173749465466018     1.7988713891492383E11   20.624820735915154    0.22491435027939302    3.125529423067934E9     5.2896561751155645E8   9.494924    0.16924033  
  47221   237.26115   17.94044   0.031807356   0.027718700458202232   3.4355814706799656E10   0.8259165317270442    0.0854467759449919     9.522985368552786E8     1.6733956509806058E8   8.978773    0.17572175  
  42402   237.85509   25.76084   0.04578348    0.010118663148341462   1.0616956131521951E11   1.2963371178467566    0.14756404397828501    1.074294027555891E9     2.1569938478177556E8   9.031123    0.20078245  
  10831   330.84415   12.64934   0.02724044    0.014533132653773257   2.897342875121133E10    0.24111055078332969   0.07251055317292787    4.210746834760023E8     7.848444179174012E7    8.624359    0.18639079  
  10850   331.41165   12.4226    0.035677254   0.041075927576572094   1.9186687069644024E10   0.35043431480231113   0.09835494296845476    7.881109685070502E8     1.410594659829975E8    8.896587    0.17898427  
  10841   332.7987    11.80073   0.026999876   0.030178603200168196   2.3067467429628292E10   0.44513774606111367   0.0847818754356854     6.96143946391556E8      1.2007723704309668E8   8.842699    0.17248909  
  10885   333.05203   12.20519   0.02756803    0.11583223121177373    1.1015388451150003E10   1.598385216357156     0.0824002129317184     1.2759370219611094E9    2.1992514808420783E8   9.105829    0.17236364  
  10943   333.91913   13.60471   0.027596878   0.031071827041327594   1.6826734107485975E10   0.35561252699768364   0.07948381863189802    5.2283737185821205E8    9.429053648492824E7    8.718367    0.18034391  
  10948   334.15372   13.25401   0.025794072   0.03180083659247242    1.0375279236998163E10   0.13282361008807794   0.05363921032328083    3.2994255961705047E8    6.080524437088526E7    8.518438    0.1842904   
  10952   334.2415    13.54307   0.026159568   0.019886800219582928   2.9308932967382904E10   0.08558780905517673   0.046382939755103686   5.828608945714916E8     1.0386818628051537E8   8.765565    0.17820407  
  11071   344.36124   13.00165   0.025646968   0.01498024752872015    3.597491329210686E10    0.7192383347022142    0.07769868413107829    5.389131059400054E8     9.499119006981027E7    8.731519    0.17626439  
  11120   345.92944   13.92654   0.027036354   0.04372347242461693    2.5409711432160637E10   2.5217656725093796    0.09497008722341878    1.1110008171215491E9    1.958647304083643E8    9.045714    0.17629576  
  11223   346.5685    13.98231   0.035590112   0.18178167238714046    4.3351096215945274E10   4.643890582481899     0.1317308640351138     7.880434769950368E9     1.3316492731146226E9   9.89655     0.1689817   
  11311   348.12177   13.94226   0.03422254    0.028999908104778645   8.22242577724034E10     0.5342899488513453    0.0                    2.38449591938333E9      4.0992367468982315E8   9.377397    0.17191209  
  11298   348.37665   14.06391   0.039281435   0.14153773145824322    1.2676509528185637E10   0.3478903357985777    0.08947554980305174    1.7942044014282002E9    3.1327208135285276E8   9.253872    0.17460223  
  11295   348.39465   13.98678   0.03977663    0.02967470157652245    1.2416519149671855E11   0.5555404555562439    0.0                    3.684565003856886E9     6.343121988615215E8    9.566386    0.17215389  
  11270   349.57065   13.57406   0.039602585   0.053992231338158427   1.1776062424569456E10   0.9697606563941397    0.10112567540341698    6.358158866799489E8     1.1979424112089556E8   8.803331    0.18841027  
  11349   349.6509    15.29966   0.025559349   0.07978009872482238    1.3458594556156693E10   1.0735753768350846    0.0                    1.073728002387538E9     1.8368376352241412E8   9.030894    0.17107104  
  11437   350.56406   14.08073   0.026530668   0.01555902108309544    3.605787760441521E10    0.4498012727262955    0.08357365335395114    5.610252778587711E8     9.930425027904624E7    8.748982    0.17700495  
  11408   350.61417   13.81586   0.025952978   0.07859247648654226    1.1246040454208889E10   1.1991786871227033    0.09179885217222156    8.838541699641151E8     1.508005199293493E8    8.946381    0.17061697  
  11514   350.86057   15.41956   0.042848777   0.060552908721718854   1.849269463632791E10    1.8226857118605344    0.13909919831594608    1.1197864503321838E9    2.197102758042514E8    9.049135    0.1962073   
  11808   358.2388    15.71246   0.04782685    0.03397991932585609    5.997909076678877E10    4.330883223477        0.14531156186025015    2.0380846654936821E9    3.630798899223999E8    9.309222    0.1781476   
  11845   359.18533   13.90986   0.03642589    0.10092145370778283    4.0086642889893036E10   3.1707055504836466    0.1266050588730638     4.0456022747127614E9    6.874887712527684E8    9.606983    0.16993484  
  11824   359.4482    15.61368   0.03801352    0.03148219429043118    1.778279410038923E10    0.9389413582838201    0.12561724383001302    5.59841378895187E8      1.0894222976451018E8   8.748065    0.19459482  
  4216    28.96662    14.94026   0.043826655   0.17388152821934916    5.4575844592960335E10   9.646167391320324     0.15731194674343657    9.489731261685646E9     1.6114131990974007E9   9.977254    0.16980599  
  23685   170.79846   13.11772   0.04697712    0.09929039403282151    5.0582521293472084E10   2.4646868614132567    0.0                    5.022358470402428E9     8.692915686436013E8    9.700908    0.17308433  
  24426   189.09468   13.60287   0.030524304   0.12330468444556152    1.333521432163324E10    1.256360055344383     0.0807260570130556     1.6442943939429193E9    2.843931126860553E8    9.21598     0.17295754  
  28168   190.22902   8.05645    0.04763182    0.10224961336701016    1.5170495146427889E10   12.719363102763506    0.19064880168773543    1.5511772633083558E9    2.8374110454863375E8   9.190661    0.18291984  
  35981   208.28484   35.71403   0.04106207    0.0660565323348688     1.9815267125138683E10   1.2416129129390057    0.0                    1.308927833575786E9     2.4480165679420072E8   9.116916    0.18702456  
  9483    215.23561   3.87152    0.035426795   0.03805125591972467    5.164167230824088E10    2.2335691929309514    0.10667915558912648    1.9650304891234326E9    3.4128372828820425E8   9.293369    0.17367859  
  9551    216.8849    4.82163    0.026795074   0.09673280215973394    8.128302305789093E10    1.8901247967720087    0.0                    7.862734588404056E9     1.3284650630957744E9   9.895574    0.16895713  
  38717   222.3722    9.07921    0.04048366    0.06779694685162789    2.600159334775975E10    4.599515610502788     0.12262195946134254    1.7628286422557092E9    3.258436255613036E8    9.24621     0.18484135  
  42013   229.01863   6.84763    0.03694326    0.13250243337689807    5.902009557527709E10    4.964727696044665     0.11887764903150326    7.82030628186131E9      1.3268571552406883E9   9.893224    0.16966818  
  11112   345.66794   13.32907   0.02765076    0.07766330598363248    6.531299215909757E10    2.887027676623581     0.10668025322124283    5.072422894758584E9     8.599556902485379E8    9.705215    0.16953549  
  1977    349.56528   0.26118    0.029712847   0.042547945418343405   6.03948820352179E10     1.323177226564642     0.0                    2.56967814438174E9      4.406857038649449E8    9.409879    0.17149451  
  11513   350.66452   15.73483   0.041228365   0.008843026246069259   4.13047668881457E10     0.19112758545156774   0.058420173483615515   3.652591376796449E8     8.068145428512211E7    8.562601    0.22088826  
  23194   158.3893    11.87138   0.034004148   0.04265037625719301    3.9084090265843315E10   4.987594940913532     0.0                    1.666951155508312E9     2.82281855687664E8     9.221923    0.16934021  
  11019   339.54413   14.44059   0.035783708   0.07491436877277266    1.1324001046233234E10   0.3287120784182054    0.08069538107071347    8.4833039036078E8       1.5031220310719138E8   8.928565    0.17718592  
  11340   348.31863   14.90436   0.035724342   0.2699711331518009     1.2589265175925678E10   3.844410437457101     0.1218637012256073     3.398738185093161E9     5.805610541000735E8    9.531318    0.17081665  
  11994   6.49573     14.34799   0.037212912   0.07433705126411841    1.4689256583212893E10   0.9117974066146958    0.07984004975776361    1.0919560196580856E9    2.0924219862939584E8   9.038205    0.19162145  
  4230    29.29084    14.54988   0.026239915   0.006302749248510282   1.0139103704693745E11   0.566281205456033     0.08895688297097187    6.390422825532632E8     1.1183207377827653E8   8.80553     0.17499949  
  4045    32.88983    13.91716   0.026433751   0.1226511668538855     2.9308932967382904E10   4.542942587229922     0.10329218389394029    3.594774827691826E9     6.065365742495358E8    9.555672    0.16872728  
  4041    32.90393    14.51257   0.026217744   0.02817342144968236    2.5703948796691975E10   0.9434225548103785    0.07387470884064357    7.241681823702588E8     1.2538865461459929E8   8.859839    0.17314853  
  3981    33.51833    13.19898   0.041642975   0.04938596174077304    3.5481354506170815E10   4.36798382623905      0.13836262318782527    1.752280816152557E9     3.091892436339466E8    9.243604    0.1764496   
  51276   118.5187    13.95411   0.029579213   0.08846114333822527    2.365917494653489E10    2.4908997830437176    0.10786391071556461    2.0929176662095711E9    3.559968194697541E8    9.320752    0.17009595  
  51336   119.07128   14.60269   0.047246296   0.024305310833131543   1.0023061712931648E11   0.6137158914314566    0.10025295149161108    2.436136304324636E9     4.2799127176115793E8   9.386702    0.17568445  
  56312   121.23475   10.43918   0.03429776    0.09109501060957399    1.2618270469180662E10   1.1610671197387628    0.09702938844958069    1.1494614822644866E9    1.982148592571598E8    9.060494    0.1724415   
  19918   129.69577   7.48071    0.0461423     0.028792732011363523   6.637423824508412E10    1.806023652507975     0.13114990671143048    1.9110956542491026E9    3.4207297528135145E8   9.281282    0.17899312  
  19949   135.0461    7.7261     0.028824022   0.05190577537627869    4.886525052762496E10    1.7647145971686868    0.1143676036777702     2.536388717592485E9     4.328367891403398E8    9.404216    0.17065081  
  56662   135.72888   13.6607    0.029859712   0.08843705921268495    1.757923150728387E10    0.45730231222040074   0.0812980068207105     1.5546555377231605E9    2.661016026006647E8    9.191634    0.17116435  
  56632   136.15446   13.55411   0.027970005   0.021296446900961295   1.0046154549585237E11   0.897894260348668     0.09507012107704436    2.1394739692409275E9    3.6263846433596766E8   9.330307    0.16949889  
  16655   136.16478   5.51205    0.033324532   0.028966812691475243   4.275624580169137E10    0.7629605566083112    0.10724489728423744    1.2385121635282686E9    2.1378347833088833E8   9.0929      0.17261314  
  14712   139.74193   5.8884     0.038231555   0.15084525263932272    3.5481354506170815E10   4.24928039072267      0.12923981479849952    5.352193884468708E9     9.072603915490363E8    9.728532    0.16951187  
  16841   142.90205   6.95239    0.0317735     0.09577490207557332    1.1587777022177916E10   1.1278555403752597    0.09294217211521691    1.1098182095726686E9    1.93386574617975E8     9.045252    0.17425068  
  14784   144.84697   6.40167    0.03174954    0.0090569236210527     1.1885017054668587E11   1.3640301284561258    0.10958301716550539    1.076416916990421E9     1.93963025607996E8     9.0319805   0.18019322  
  26056   147.53003   12.74613   0.029532243   0.07613680670805884    1.3031660916576506E10   1.7270229788119187    0.0                    9.921890482903502E8     1.7530010754652646E8   8.996594    0.17668015  
  18702   147.71494   8.22798    0.029727032   0.06797583414295529    1.5995597708133812E10   0.6588256934843196    0.09349322876208169    1.0873140968255396E9    1.9067382401999545E8   9.036355    0.17536223  
  18673   148.25748   7.46012    0.038448755   0.11368200354795518    2.4043603924287422E10   3.3990591240569166    0.12129050866677177    2.733325066626472E9     4.695398802534872E8    9.436691    0.1717834   
  18681   148.35237   7.8323     0.038928814   0.014964597513545464   4.709776904449171E10    0.46742975879745674   0.0697076056804503     7.047991575367391E8     1.3460983333030683E8   8.848065    0.19099034  
  26040   148.40462   12.12926   0.030142594   0.052736432606399715   1.0115797208211868E10   0.7891846330326011    0.09531734844052621    5.3347105773087156E8    9.343309531424615E7    8.727111    0.17514183  
  5035    150.46954   3.01132    0.04415388    0.020603092806910497   5.929250016805255E10    1.1040511119708993    0.12220686388491006    1.221608883716143E9     2.1904591704546675E8   9.086932    0.17930937  
  18877   155.10483   7.67717    0.045263365   0.01876834836458881    9.225717512971564E10    0.7241989437003034    0.0                    1.731514801967382E9     3.06163652134596E8     9.238426    0.17681839  
  18887   155.23145   8.31375    0.045580104   0.037348179696425635   5.7809615911737404E10   0.6664932428497189    0.0984427382144272     2.1590839232529154E9    3.842804610104873E8    9.33427     0.1779831   
  8724    155.62996   4.58243    0.028539706   0.028456387345690823   7.464490075592314E10    1.3581218695937034    0.09974630921192773    2.1241242092911985E9    3.632789928471566E8    9.32718     0.1710253   
  23088   156.65042   12.0402    0.03135579    0.07039530848519261    4.197591240978791E10    1.29228079948836      0.0                    2.954907303034445E9     5.0606433552933997E8   9.470544    0.17126234  
  23026   156.84157   11.07998   0.03241568    0.02085036833110468    1.455459438541432E11    1.3707417280889937    0.10455835815585192    3.0346865384571667E9    5.1931628007937205E8   9.482114    0.17112683  
  26598   158.45827   12.87836   0.025116365   0.04963111718871762    2.944420702737625E10    1.5447919507660892    0.11447364544036216    1.4613488895045736E9    2.4997700670849982E8   9.164754    0.17105909  
  26570   159.7746    13.36487   0.032427605   0.06410113097975281    1.0046154549585238E10   0.5832171994203984    0.10414166385973242    6.43969868625803E8      1.1431548199632014E8   8.808866    0.17751682  
  23227   159.8048    12.19194   0.048080765   0.010292950011260137   1.5031421245271774E11   1.0210649973697787    0.08519529573309896    1.5471766747577598E9    2.785024176980186E8    9.18954     0.18000686  
  15211   160.10277   6.86048    0.030365875   0.033681870526247146   7.691298728009483E10    1.2014008795076208    0.09673343803804084    2.5905732793550477E9    4.3913164590495354E8   9.413396    0.16951138  
  26639   160.19188   13.78331   0.03174811    0.0488079837750885     1.753882258069513E10    0.07179944103465631   0.0                    8.560345679527236E8     1.5062001415514028E8   8.932491    0.17595086  
  15165   160.42654   6.19592    0.03308576    0.03692202718457913    3.4434969484037186E10   0.458308210733451     0.09059044347289755    1.2714088793897738E9    2.4401960660612202E8   9.104285    0.1919285   
  15151   160.71416   5.85989    0.033360656   0.03773887088342523    9.74990357092175E10     1.4049806517050434    0.1010615754029582     3.6795035198886247E9    6.240835295727557E8    9.565789    0.1696108   
  23320   160.87476   12.08774   0.026576206   0.07951128494985232    1.3121999912266016E10   1.1297260516249361    0.07686011966573005    1.0433470741361204E9    1.817553807120449E8    9.018429    0.17420414  
  23245   160.91283   12.06066   0.026217028   0.04174032994237876    1.2941972283202295E10   0.9002238531158961    0.08510093876656995    5.402021932059847E8     9.37310541268528E7     8.732556    0.17351106  
  8945    163.3137    4.3342     0.04145915    0.06932972772638955    6.683436240432233E10    3.802078535261974     0.13739845877429444    4.633608148258513E9     8.095673950090115E8    9.665919    0.17471641  
  8096    133.22914   3.15234    0.0           0.04915950206486086    1.8967053880902763E10   0.9299503588749335    0.10944645077250494    9.324109244225667E8     1.7423564998581648E8   8.969607    0.18686573  
  22822   147.93713   35.62213   0.026987359   0.06891807365540938    3.630784055774333E10    3.224518056582057     0.10469142536230369    2.502266429827415E9     4.2832397229500204E8   9.398334    0.1711744   
  33737   149.71388   32.07308   0.02656643    0.025018488623383173   4.864075133070932E10    1.3278089648665716    0.1047862010743944     1.2169180838001611E9    2.107628998776208E8    9.085261    0.17319399  
  55541   158.1958    21.21564   0.04276402    0.13179900982625892    4.159110269612532E10    4.683914272033661     0.16120542094689516    5.481666152931564E9     9.423451572147629E8    9.738913    0.17190853  
  23419   162.82713   12.75653   0.039863534   0.10623789315901636    2.4434279342977554E10   4.031160283950599     0.13050064649502202    2.5958463582568097E9    4.514532122637177E8    9.414279    0.17391369  
  48521   169.41214   26.58502   0.04735585    0.046697578119672664   1.9543411037373554E10   1.2879824686923929    0.13404394414588697    9.126299636426245E8     1.6745892821060318E8   8.960295    0.1834905   
  24496   169.54129   7.78165    0.04205377    0.08230139201824266    3.990247481465238E10    1.9381282564479168    0.0                    3.28402922221876E9      5.585736462215952E8    9.516407    0.1700879   
  48604   171.94283   26.9596    0.033378657   0.01565639097257985    3.9536673119671844E10   0.9441761975180114    0.12067966328435441    6.190016121166706E8     1.1544167792147213E8   8.791692    0.18649657  
  29871   173.05179   13.49246   0.034386333   0.05080449041468554    1.4893622289316597E10   1.5344261902027818    0.10738311633214705    7.566628908375319E8     1.3425526341604114E8   8.878902    0.17743075  
  50550   190.36674   28.7912    0.035086926   0.10712833757174844    1.940886354939398E10    1.633374441860259     0.11939788378306981    2.0792392862034817E9    3.6135017528589886E8   9.317904    0.1737896   
  13074   192.89369   5.86356    0.048604567   0.08575020529388715    7.128525166867998E10    4.55413062028381      0.18106492592099324    6.112724965015719E9     1.05797183876049E9     9.786235    0.17307696  
  13159   196.35602   3.99159    0.043628167   0.05981888347335828    2.328089253646835E10    1.2146638556141633    0.1107422135903165     1.3926369977947767E9    2.5566253600854802E8   9.143838    0.1835816   
  51161   201.3449    27.24909   0.034519013   0.12259892763355343    1.402814714953671E10    1.5070372798297336    0.1072851187393916     1.71983579721889E9      2.960247321118161E8    9.235487    0.17212383  
  42191   223.51558   30.84625   0.032025155   0.04495674276867264    1.324340744179973E10    1.2064259130047803    0.08367004653026065    5.953804617417154E8     1.167578681722122E8    8.774795    0.19610631  
  41743   225.51709   6.82303    0.046240408   0.09288285628526469    2.8183816934781418E10   0.8341441141641268    0.12285915277793268    2.6177934179235115E9    4.724178211623913E8    9.417935    0.18046413  
  41869   227.33958   7.07773    0.04145915    0.09328696764143571    1.4092893430856941E10   1.510185355330588     0.0                    1.3146832934585533E9    2.3752397836201784E8   9.118821    0.18067011  
  28365   235.34412   28.22975   0.032149486   0.1374472041069518     2.2750992692726437E10   3.9992926923290106    0.09605484379608593    3.1270603362729397E9    5.2972036024310577E8   9.495136    0.16939883  
  31592   118.63245   16.8073    0.0459183     0.18596863237993974    2.5292972855180386E10   14.412670380661586    0.2110632219664016     4.703699570700836E9     7.971159075771209E8    9.67244     0.16946574  
  36169   118.63381   16.8042    0.04616006    0.16122938261747757    2.673006690408842E10    14.564213729544049    0.0                    4.309672184270046E9     7.290513477114524E8    9.634444    0.16916631  
  31775   119.17437   17.99118   0.041064806   0.03813959488878699    3.7324977093240555E10   11.927584727838768    0.0                    1.423559505569449E9     2.4334069064610833E8   9.153376    0.1709382   
  17135   121.92248   25.9253    0.046964485   0.09122212271676149    3.3651190042580387E10   18.333136039325947    0.0                    3.06973298762933E9      5.436454207958877E8    9.487101    0.1770986   
  32257   127.43484   22.42441   0.024987262   0.2604387971374741     1.5776111034128496E10   3.7544830830563027    0.12205868316466134    4.1087113812356577E9    6.997887602094002E8    9.613706    0.1703183   
  32568   134.74075   28.90168   0.0424232     0.16066319703135504    2.2855998874761417E10   5.28140426785986      0.1389338876162088     3.672117850564223E9     6.235505569418739E8    9.564917    0.1698068   
  32619   136.2499    28.34773   0.048443757   0.16510240910031618    1.0115797208211868E10   3.479320922932086     0.15010109868907562    1.6701424890460322E9    2.906881812782131E8    9.222754    0.17404993  
  25852   139.51881   10.8857    0.047974665   0.07705735849403728    1.698241862446276E10    1.00641226762974      0.11809467096267816    1.3086203200410423E9    2.6342101313008595E8   9.116814    0.20129675  
  22436   139.97726   32.93328   0.048997603   0.21275459667872054    2.636328514402111E10    34.453472092896874    0.27751112160581964    5.608910097942316E9     9.491564018842324E8    9.7488785   0.16922297  
  33039   142.6111    27.77556   0.0432889     0.1534640113901272     2.3227377348558304E10   5.851932317081686     0.0                    3.5645665019819336E9    6.218175750113202E8    9.552007    0.1744441   
  8335    143.87408   3.65504    0.04632528    0.12846862425226158    1.0375279236998163E10   2.424175911896374     0.13274551978551394    1.332897849810208E9     2.4323787525691468E8   9.124797    0.18248801  
  26151   149.78651   13.05936   0.03603512    0.4552518951627864     2.1086298909534477E10   6.854164873071704     0.0                    9.599577540534567E9     1.65185005563947E9     9.982252    0.17207529  
  23577   167.45541   12.77148   0.042608213   0.17070093837066558    2.735270456156531E10    11.709048876083225    0.1890620511915218     4.669132335634784E9     7.996237725827544E8    9.669236    0.17125747  
  48369   167.80421   28.7119    0.029210618   0.12803069700087655    2.0701412760573307E10   4.673872277654837     0.0                    2.6504163046390405E9    4.476814539488233E8    9.423314    0.16890986  
  522     171.07768   0.64373    0.02629368    0.08367174215251041    1.1967407205190823E10   2.5252579791548837    0.08806455709174651    1.0013338099068218E9    1.71895756934577E8     9.000579    0.17166679  
  12533   172.8168    4.65244    0.033121046   0.16860688510477428    1.2302692030632101E10   3.9194354122510062    0.11453414467497482    2.0743185816882088E9    3.537339626085021E8    9.316875    0.1705302   
  30332   185.80109   14.38896   0.042414855   0.2136713265789206     3.118892707157587E10    8.435694001812916     0.15419342034536354    6.664179421956825E9     1.134307323878998E9    9.823747    0.1702096   
  30439   188.54295   15.96822   0.04599853    0.11961495795240844    1.1324001046233235E11   7.105266656603296     0.1629553552424374     1.3545199089982176E10   2.2962147214773636E9   10.131785   0.1695224   
  13005   192.85686   3.86654    0.048559032   0.27979828914510824    1.9230934856574974E10   7.84183505559218      0.17706853049089818    5.380782671530705E9     9.19552277268605E8     9.730845    0.17089564  
  25327   203.10098   11.10636   0.03171914    0.49203673509143225    1.0789467032756157E10   24.90687666109653     0.23362041847047152    5.308814132173983E9     8.954383053444575E8    9.7249975   0.16867012  
  947     204.1997    1.15389    0.046864707   0.1664376164843619     2.454710856206481E10    5.3851400150358435    0.0                    4.0855622406529393E9    7.061433996337367E8    9.611252    0.17283873  
  35649   205.01302   29.1373    0.04457362    0.1840931108595911     1.7701095491431995E10   3.765189414135115     0.15700113968202153    3.2586497346403985E9    5.685660207678498E8    9.513038    0.17447902  
  44718   207.64362   29.37289   0.03829593    0.1765548196768121     2.844464205564014E10    5.284700441823737     0.1393203721673344     5.022038648905011E9     8.530194153003685E8    9.70088     0.1698552   
  44710   207.98705   29.31239   0.035755932   0.06438751306333418    1.4454392628956644E10   9.867600413987716     0.0                    9.306823942195071E8     1.6852633020054862E8   8.9688015   0.18107824  
  13666   210.0375    4.08078    0.040369697   0.33134604541058804    1.4962363132162203E10   12.296446240236852    0.16285369061959878    4.957719853839126E9     8.47094519885936E8     9.695282    0.17086373  
  44942   210.52461   26.06089   0.03303748    0.1450090385079641     2.779714830388227E10    8.356758271310515     0.15884254819709384    4.030837748809253E9     6.885895600549095E8    9.605395    0.17083038  
  31188   210.8       34.6846    0.04415174    0.12321806951712506    1.0185922648571215E10   3.0765638181042307    0.16371899068143303    1.2550897250077066E9    2.192907595071474E8    9.098675    0.17472118  
  1115    214.56213   0.89111    0.025966568   0.266978030476436      1.2912194550797487E10   5.77479218118564      0.0                    3.4472722703004823E9    5.851855293406281E8    9.537476    0.16975321  
  1137    215.81119   0.97835    0.040134497   0.09744873525506695    1.901079515607881E10    3.6116587891025413    0.11615048564040614    1.8525779441530333E9    3.1667221441482943E8   9.2677765   0.17093597  
  24973   218.82655   35.11868   0.02854376    0.05165993306291928    4.1115002446235504E10   12.44031414762476     0.15721913569155213    2.1239982742542884E9    3.584504149434353E8    9.327154    0.1687621   
  1221    218.85559   0.33433    0.03463477    0.26012615466341993    1.5995597708133812E10   6.841291293156934     0.12720515141264543    4.160873323359861E9     7.051792758937652E8    9.6191845   0.16947867  
  41728   221.14305   8.9371     0.027811574   0.07637794143066652    1.513562312005786E10    4.108576047672304     0.0                    1.1560277361804214E9    2.0693122732848197E8   9.062968    0.17900196  
  38809   221.58437   10.52219   0.031376414   0.17338471577126058    1.1455129816927443E10   2.9265212901332545    0.0                    1.986144427430857E9     3.4120609220279044E8   9.298011    0.1717932   
  41904   226.32452   8.15355    0.039238997   0.06961653481539304    1.297179020316239E10    29.564382284351208    0.25175746595916426    9.030510842964288E8     1.5510430686130077E8   8.955712    0.17175585  
  20790   227.02043   34.38717   0.044865683   0.19035483126013297    3.1768730102752323E10   7.749495047814968     0.0                    6.0473312580581255E9    1.0219816796165162E9   9.781564    0.16899714  
  113008  209.2308959 14.1422519 0.015039921   0.16930996424773564    2.023826715850614E9     0.3851434789915674    0.03762298821555744    3.426540289042797E8     6.2185881304750346E7   8.534856    0.181483    
  113011  209.7766418 17.9347133 0.017632008   0.12465256447126483    1.276685335490755E9     0.1999267450332093    0.050450346791255984   1.591421010917797E8     3.406020412362843E7    8.201785    0.21402384  
  114010  217.1944274 27.2506694 0.014775872   0.10807227516293597    5.177986564118251E9     2.0696532222134287    0.07247495618005761    5.59596788747373E8      1.0060711605098195E8   8.747875    0.17978501  
  108016  128.4860687 26.9726619 0.011746049   0.10124063985264069    3.6972816713019676E9    0.606818138581258     0.04817634804482206    3.7431516211805195E8    6.55754762821146E7     8.573237    0.17518787  
  108021  133.8280792 27.3461647 0.017276287   0.10823733686473873    4.347989613041523E9     0.5054287265913068    0.06247441674693194    4.7061481643116033E8    8.142733481942329E7    8.672666    0.17302331  
  101004  20.37776947 14.5049839 0.014077187   0.05234519700995851    8.25183691642796E9      0.6270932454447505    0.0                    4.319440290844701E8     7.404543226810008E7    8.635427    0.17142367  
  108026  128.0145874 24.0109176 0.018289447   0.29285322376289596    6.872357620741287E9     2.01347921468063      0.08581092024175371    2.0125920840855916E9    3.4289139653855526E8   9.303756    0.17037302  
  108029  122.8163375 25.1793670 0.013813734   0.06402249401344497    4.1214707613371396E9    0.9660942547889344    0.0                    2.638668371442955E8     4.762068630514844E7    8.421385    0.18047242  
  114021  216.0965728 13.7984418 0.01677239    0.10725144130952259    2.3861092001253614E9    0.3079816590887693    0.04927955633417517    2.559136508353571E8     5.063543787260107E7    8.408093    0.19786142  
  109010  143.5113220 9.47920417 0.010186791   0.09974932149560195    5.600774667004573E9     0.3670886836356343    0.04373497827706144    5.586734728834621E8     9.696834260565402E7    8.747158    0.1735689   
  109011  146.3977203 4.41059160 0.019823551   0.047912256462738674   3.1998725082262855E9    0.24369776665279125   0.043645374718447504   1.5331311226220465E8    2.9378323431305528E7   8.185579    0.19162303  
  110013  154.3029937 13.1920537 0.017450929   0.09488793568531001    5.124100213127575E9     0.42721992928903757   0.06629990048014929    4.8621529146833265E8    8.748160994291823E7    8.686829    0.17992361  
  108045  124.7712631 21.7914009 0.0150277605  0.19129094482331205    1.213627655821322E10    1.5713363942050504    0.0                    2.3215598094576206E9    3.927464190465862E8    9.36578     0.16917351  
  108050  124.8324508 21.0588512 0.016180873   0.07416682605314985    5.616341985513913E9     0.7281400560855987    0.06836336378065043    4.1654625909461266E8    7.224324840199976E7    8.619663    0.17343391  
  101007  20.28889846 15.6947736 0.017124414   0.0749946905740415     2.7940104579702E9       0.5426810972397261    0.0                    2.0953594975611112E8    3.870390586710782E7    8.321259    0.18471248  
  108051  134.0165863 13.4220266 0.014002919   0.0709565807525467     1.2915398961426737E9    0.06039125161424682   0.012534789456482936   9.16432549357834E7      1.9537058563413087E7   7.9621005   0.213186    
  109028  141.8700408 3.92960119 0.01772976    0.13855875979435872    1.1741874504472368E10   1.5579266569800012    0.06469427230967544    1.6269395690006917E9    2.7802319929598635E8   9.211371    0.17088723  
  108054  134.9543762 5.06085252 0.012520671   0.06805215353597918    8.421071510734444E9     0.6281474834104002    0.030949903116166185   5.730720513859606E8     9.88122398668727E7     8.758209    0.17242551  
  114041  215.9266052 34.0090141 0.012928367   0.10941234209486406    6.872689633442266E9     0.8087865750291       0.0                    7.519570692860111E8     1.272917913360332E8    8.876193    0.16928066  
  112035  194.7720642 27.6444320 0.018161058   0.12715428980096796    4.680609298465708E9     0.7605963930302404    0.05482870213802172    5.951595511822139E8     1.0184948641050568E8   8.774633    0.17112972  
  114046  213.6705169 13.3781709 0.016564012   0.244106822667727      2.4477671577210217E9    0.8426342648278176    0.059841518371707106   5.975166635016916E8     1.0840538976538257E8   8.77635     0.18142655  
  112038  189.4215240 27.1295623 0.015607237   0.4027714421595558     1.4542805674787536E9    0.8877377524607024    0.05870831759613062    5.857426814680347E8     1.1214823057911411E8   8.767707    0.1914633   
  109038  135.8187713 18.2610797 0.011544228   0.24979183560330023    1.613958702421231E9     0.7394278161126318    0.04495663626980594    4.031537068657199E8     7.121710937298854E7    8.605471    0.17665002  
  124004  6.393374919 0.84684705 0.017822146   0.07943641676697787    2.0262413307598908E9    0.32555445136800215   0.054485605648471054   1.6095735082071853E8    3.0391667893923506E7   8.206711    0.18881814  
  108064  126.5309906 21.4567089 0.014919758   0.1069142437219227     3.6485431255105186E9    0.37939792068887956   0.04756642168707378    3.900812289507772E8     6.801533891322981E7    8.591155    0.17436199  
  111027  179.3611907 25.2330799 0.014891385   0.06334662483329734    2.346963235859994E9     0.20214521541479696   0.048794741081956104   1.4867219959956458E8    2.7797856367884394E7   8.17223     0.18697414  
  124006  4.947213172 0.59079486 0.01779139    0.08367670317534363    5.672701112459823E9     0.5482751120136857    0.0                    4.746729271897422E8     8.368068706603715E7    8.676394    0.17629126  
  110017  158.9137725 28.5658073 0.014741182   0.10605491863830466    7.081065472057541E9     1.375750287666419     0.0661685025458786     7.509818225115708E8     1.2830567616830462E8   8.875629    0.17085057  
  109045  141.3142700 10.8867273 0.011997104   0.04347750924065614    7.276431569190704E9     0.11661710838653108   0.03980077042678473    3.163611207884909E8     5.4693097905540414E7   8.500183    0.17288186  
  113062  200.3954925 26.3046665 0.016557693   0.134409033797224      8.085612729148467E9     0.7023506139705616    0.05729746873472058    1.086779394583381E9     1.8517403599919778E8   9.036141    0.17038788  
  109050  149.6509552 13.2552757 0.011661768   0.1044390046866621     1.8304665547032046E9    0.3473234071288014    0.04258310360635629    1.911721050854262E8     3.4770410434730984E7   8.2814245   0.18188015  
  112050  192.1709289 34.4776077 0.014197468   0.18645482057537793    2.606493420553161E9     1.1262493126019537    0.059164622399430794   4.8599326306014276E8    8.470513520771897E7    8.68663     0.17429282  
  113067  209.5195922 15.3148317 0.018745303   0.1001212880723637     7.750418288196269E9     1.937383871143943     0.07377370012354871    7.759818621138146E8     1.3588310689322203E8   8.889852    0.17511119  
  111035  167.6883850 12.0161428 0.01084435    0.06249249521141513    5.612680273740549E9     0.7029961233008531    0.049319841623137774   3.5075039512993544E8    6.1141302720173545E7   8.544998    0.1743157   
  109058  148.0158386 19.6511230 0.016134739   0.05968413157197662    8.060474830955736E9     0.4404495417841132    0.058341276034053396   4.810824403433682E8     8.391107984786214E7    8.6822195   0.17442141  
  108080  120.3936996 9.30485153 0.0152356615  0.046511729076979945   2.05798511951632E9      0.022479646342818734  0.01890380866291462    9.572044632339926E7     1.862133524051711E7    7.9810047   0.19453874  
  114072  210.9434356 14.8681049 0.014655352   0.5238693892237762     1.1666902443897803E9    1.142554041412194     0.05684402600793178    6.111933057418125E8     1.1679314899728122E8   8.786179    0.19109036  
  109066  137.3486480 22.5139350 0.014886975   0.020382636918867242   9.665551321627604E9     0.28084971659307073   0.0                    1.9700942320941284E8    3.745510208897583E7    8.294487    0.19011833  
  124010  5.997472286 15.7704458 0.017736077   0.16710522750302959    8.496708464199478E9     2.935288150296804     0.08535358613309714    1.419844400936971E9     2.4240594378692448E8   9.152241    0.17072712  
  110038  150.5678710 19.2156581 0.016670942   0.046902911088073165   9.951522258778868E9     0.5136208388710433    0.06183416884551446    4.6675536369448626E8    8.134269713899945E7    8.669089    0.17427266  
  112068  181.0405731 1.82597649 0.017231464   0.06342498875057016    4.730683539820813E9     0.35131891559247924   0.05945084145660653    3.000435502956425E8     5.410803624896955E7    8.477184    0.18033394  
  122002  340.2944030 13.3399000 0.017264962   0.12418264273023989    2.9220507318743615E9    0.4883978587837623    0.05142168726181557    3.6286798207598984E8    6.443934493595345E7    8.559749    0.17758344  
  110040  156.2872161 13.6013984 0.018601298   0.060338941430862575   6.7949120199588585E9    0.29594431580114144   0.05745348352279961    4.099977984001617E8     7.435658015090747E7    8.612782    0.18135849  
  109072  145.1326293 28.9693317 0.0188514     0.06213016915357583    4.748147068717135E9     0.5778641738803053    0.06426857791516705    2.9500318054545087E8    5.2167784345225744E7   8.469827    0.17683804  
  111047  175.7247161 0.16186048 0.018438458   0.27323828910311954    1.4361817256896703E9    0.4760709710685137    0.06273625589021843    3.9241983756861126E8    7.406717385429011E7    8.593751    0.18874472  
  110041  159.9126434 25.3227386 0.01723814    0.18633448430717606    8.588758612292987E9     3.250275795406897     0.08809640023375871    1.6003819068604307E9    2.741274061305419E8    9.204224    0.17128874  
  109077  147.8265075 9.13923168 0.017838359   0.048154748834495775   3.192040365310274E9     0.10583920772574483   0.026441680741115227   1.5371190206108838E8    2.9578479657730855E7   8.1867075   0.19242804  
  124012  1.622077345 14.1823682 0.017801046   0.10525194941137529    5.556441584615325E9     0.16162105654358264   0.055913345181973606   5.848263085711942E8     1.043222131286891E8    8.767027    0.17838153  
  108093  128.8757629 23.6762084 0.016760707   0.08217461942576927    8.679613854235033E9     0.6742437593646847    0.06249731076648102    7.132439652343982E8     1.2220116552474907E8   8.853238    0.17133151  
  114090  217.1976165 13.8211984 0.017569065   0.14975807312059564    1.7693556293467433E9    0.3700232553728126    0.0534142269849912     2.649752897160471E8     5.209760212417393E7    8.423205    0.19661306  
  108094  130.7349395 13.6415901 0.016800046   0.19416408797960463    4.77512387071605E9      1.4875540684438249    0.07386549714704312    9.271575713472214E8     1.5844294147594565E8   8.967154    0.17089106  
  123006  348.4461059 13.6876144 0.015396595   0.09123113738858524    6.991834515342946E9     1.0960040119374208    0.05904569242515433    6.378730152675046E8     1.087216736900571E8    8.804734    0.17044407  
  109081  149.1770324 15.6364822 0.015182258   0.8401326780851288     1.6700177989369473E9    2.416844377744489     0.07036614223717744    1.4030365258707297E9    2.5245704055311766E8   9.147069    0.17993619  
  113091  207.7048034 17.2820930 0.017513633   0.2625703722732021     1.4593478449132555E9    0.2040048941247097    0.050549474693701996   3.831815069149687E8     7.621485854067276E7    8.583405    0.19890015  
  113098  198.3969879 29.1265296 0.020085096   0.10710316932876905    7.201861467590281E9     0.221000710830147     0.0                    7.71342188245659E8      1.3341194121162893E8   8.887247    0.17296077  
  123008  356.7160949 14.4806966 0.019553304   0.15395140322518927    2.721287324742057E9     0.2315629558210141    0.05039356553685953    4.18946002222961E8      7.960012023321404E7    8.622158    0.1900009   
  109088  149.7222137 15.3799467 0.015468479   0.05678010182131911    3.3317299447359214E9    0.3201130965515723    0.0                    1.891759655032435E8     3.5619077122331545E7   8.276866    0.18828543  
  111057  177.1351928 12.7052927 0.014625311   0.09479317651973755    1.935472624870361E9     0.13201090850131755   0.0387969454781683     1.8346959817845592E8    3.449985073953731E7    8.263564    0.18804124  
  108106  122.5291671 18.6383552 0.016321063   0.28613979040444026    7.051490200088377E9     7.617719381363293     0.12781077456564816    2.017711927892253E9     3.414216090736712E8    9.304859    0.16921227  
  109092  144.5109863 27.6565742 0.017815948   0.08611893453216589    4.995279129660705E9     0.40101057136643586   0.06394941549961317    4.3018811633714485E8    7.767489139032343E7    8.633658    0.18056029  
  110054  161.0102539 22.2575416 0.019699216   0.05504693551942596    5.66368957154233E9      0.19931535529934424   0.05224167356978206    3.1176875464673585E8    5.566027325686047E7    8.493833    0.17853063  
  113100  195.1486663 27.5742416 0.016959786   0.10564721923517319    7.838857634952239E9     0.3857105966728731    0.049790919663144494   8.281535111131104E8     1.4225951095484003E8   8.918111    0.17177916  
  123010  349.4016418 14.0011978 0.014785886   0.1783598083695991     8.746695074653427E9     2.4290986227112703    0.07021898795792914    1.5600588573825016E9    2.6353464295070726E8   9.193141    0.16892609  
  108113  124.6073913 29.9595565 0.019862771   0.05629430209862155    7.575673241199546E9     0.611242421260004     0.0                    4.2646723804053074E8    7.515291450372876E7    8.629886    0.17622201  
  111063  179.6059570 25.0976505 0.014148355   0.04035203843131632    4.103058237749337E9     0.11849938708017016   0.042141962976636235   1.655667636955903E8     2.9442181778724022E7   8.218973    0.17782664  
  109097  144.6435546 8.88789939 0.010865331   0.009441218267651902   8.92239436261967E9      0.02742414651787454   0.02333153806074086    8.423827264755918E7     1.695419772704583E7    7.9255095   0.20126478  
  101021  19.22327423 0.15312722 0.018884897   0.1041010478505597     1.6577594891267643E9    0.27630464743240113   0.04721093337538684    1.7257449990230468E8    3.5495943088330105E7   8.236977    0.20568475  
  109100  146.6292572 15.8863248 0.012781501   0.04896815596059617    3.220017829061909E9     0.1304386796328272    0.04202823282402406    1.5767833524940386E8    2.8408614249532107E7   8.197772    0.18016815  
  109101  136.0202484 22.0615768 0.01031661    0.048156070650089165   1.0190486627126094E9    0.13752554937896502   0.021625388793112366   4.90733793974673E7      1.0410008131133966E7   7.690846    0.21213147  
  109102  140.3143920 3.15109014 0.011770725   0.1690116795359328     2.383611173642532E9     0.38032802050339987   0.04075832321245139    4.0285812781794024E8    7.477442958770055E7    8.605152    0.18560983  
  110059  159.8047790 31.1140251 0.018886447   0.053672588477353386   2.598543982548552E9     0.23495424857820876   0.04478485840824832    1.394705818156314E8     2.8121257537688438E7   8.144483    0.2016286   
  109103  144.1697387 2.70355010 0.018851876   0.04105545743838123    2.835695584376214E9     0.13619519014324485   0.047289251988812904   1.1642077937256324E8    2.405663704192279E7    8.0660305   0.20663525  
  111067  172.4091796 9.96759033 0.019685984   0.15593087966137303    1.8560390634206562E9    0.3147445674880285    0.06421924989109641    2.8941380384505385E8    5.261285286644198E7    8.461519    0.1817911   
  109106  148.4645385 13.6151065 0.016275048   0.1256504386575321     4.435417536957097E9     0.4842209809478326    0.04914141472982224    5.573121591479698E8     9.663698983048703E7    8.7460985   0.17339832  
  114113  210.7910461 12.1704015 0.017175198   0.09119167974393107    1.1805786290018568E9    0.2437246254659864    0.04146388256900791    1.0765894824846654E8    2.146164443042131E7    8.03205     0.19934845  
  114115  212.1365814 3.02429699 0.017539501   0.11845075317158493    4.439100711849518E9     0.3267297250318352    0.04822723868053368    5.258148227230942E8     9.152958160933095E7    8.720833    0.1740719   
  109108  146.0809478 9.98478889 0.010189772   0.07886112780690013    4.1286902495997944E9    0.07878073022154714   0.0                    3.255931694487918E8     5.5765044964314684E7   8.512675    0.17127216  
  113114  196.6590270 28.8484668 0.016028881   0.4861288164257903     1.0764925587333307E9    0.8413317846439572    0.059218292395607705   5.233140534682046E8     9.615360197918533E7    8.718762    0.18373977  
  111070  177.5840759 25.9618682 0.012529612   0.251276140437911      2.283212098298848E9     0.9650965333390878    0.060316203602133224   5.737167238616788E8     1.0218322579182893E8   8.7586975   0.17810746  
  101025  18.65575790 1.18149399 0.0154109     0.08922296399002974    6.865554893899934E9     0.44706320670468724   0.047609343534107854   6.125651570700063E8     1.061416579207112E8    8.787152    0.17327407  
  109112  141.5345611 34.8953933 0.01628089    0.20718830716028988    2.9106898640235167E9    1.630864859694365     0.06511038045582658    6.030609055956467E8     1.0849897254392171E8   8.780361    0.17991379  
  110063  163.8025817 5.86255979 0.0116484165  0.06467219222694685    1.491912140257188E9     0.15833927658749      0.033520697348022745   9.648522872042857E7     1.7876186051575534E7   7.984461    0.18527381  
  114117  216.5724029 15.6860446 0.019832373   0.09558685619326926    1.6436698558044477E9    0.19070263996805226   0.04813460441946456    1.5711323413599136E8    3.223545924906327E7    8.196213    0.20517342  
  107026  118.6375808 29.7107830 0.016743302   0.07697922241963266    2.3424991986367984E9    0.3835054119570338    0.047232719748451044   1.8032376682967338E8    3.877337773425811E7    8.256053    0.2150209   
  114121  215.2043609 25.9588108 0.0148864975  0.0962991715513491     5.928703196286825E9     0.23395600009540446   0.047077112268631476   5.709292061762567E8     9.921174384445341E7    8.756582    0.17377241  
  113118  204.6238098 30.9868736 0.015982628   0.08784267626626761    1.3140627490546474E9    0.2394200534460133    0.05317462413873986    1.1543078865876906E8    2.2307820428528942E7   8.062322    0.19325711  
  112106  180.9039154 2.63046574 0.019277453   0.12485638350753753    2.1182644928265367E9    0.044373208597178575  0.030705521187913948   2.6447884388674954E8    4.929930479558096E7    8.422391    0.1864017   
  113122  209.6892242 20.6618747 0.016228199   0.07547843312743328    7.773087003388388E9     0.5852894164753484    0.04958487810542425    5.867004275789711E8     1.0286332607028766E8   8.768416    0.17532513  
  113124  200.7128295 31.8259334 0.017877817   0.11794695808781766    2.559934623007625E9     0.5554472919542511    0.05318680766468554    3.0193650168743366E8    5.63844849874614E7     8.479916    0.18674286  
  111079  174.2579040 15.5706100 0.01329875    0.071905470503469      7.636184204953649E9     0.854265220153936     0.0535527068243808     5.490834181083505E8     9.393173826352987E7    8.739638    0.17107007  
  114127  214.3911590 25.1144657 0.017124891   0.040287405170151884   3.3799453885813127E9    0.08582471039946242   0.032114955794200775   1.361692293227618E8     2.5451135454884637E7   8.134079    0.18690813  
  108129  123.0617675 35.1570510 0.017577887   0.11031824944912218    2.9585367296853766E9    0.38642680699738075   0.0                    3.2638059294982153E8    5.96859536097519E7     8.513724    0.18287225  
  111086  174.8113708 14.9924259 0.014167667   0.05407920757123339    4.397179265719881E9     0.41402923485992      0.05014284299003716    2.3779597023878908E8    4.188234084909416E7    8.3762045   0.17612721  
  124027  13.11631965 14.5182876 0.01820302    0.06351837232579778    6.039408630783744E9     0.5274942967651062    0.0                    3.836134060377584E8     7.481995965930663E7    8.583894    0.19504     
  111088  178.5740356 32.8609962 0.010687113   0.08063927094956364    2.0456936952600594E9    0.1578174152920829    0.036043986620975896   1.6496324817189E8       2.969310316429481E7    8.217387    0.1799983   
  111090  176.5514526 10.5955343 0.010246277   0.09253066972934017    1.2244798989808764E9    0.25591291325742554   0.04424968189641932    1.133019451228153E8     2.2169183095976144E7   8.054237    0.19566463  
  111091  178.7439117 26.2025089 0.017148733   0.07871441422634243    5.021994537193342E9     0.48824331194550113   0.05040640599088545    3.9530335824306554E8    7.309791169649419E7    8.5969305   0.18491599  
  109126  143.7461395 25.8256778 0.01314795    0.09208958381672452    1.3950304976043727E9    0.16280908073259037   0.03854383307604202    1.284677779360248E8     2.2774663514551174E7   8.108794    0.17727919  
  112112  186.4172668 20.5284690 0.018322468   0.13033435256401069    8.224177372356311E9     0.5028544540664238    0.0                    1.0718928331976465E9    1.8853181090637663E8   9.030151    0.17588681  
  108142  124.8160781 19.3132419 0.019204736   0.06515112636406356    4.1158542903917046E9    0.9015464798489589    0.0                    2.6815254296938312E8    5.0528150521606706E7   8.428382    0.18843062  
  113136  206.7551269 33.8935966 0.016630292   0.0923777943849923     6.024282360358701E9     0.698845157026974     0.06871553238269774    5.565099172023522E8     9.801599188405804E7    8.745473    0.17612623  
  101037  24.40471839 0.04017442 0.016455412   0.1196654001561559     2.0564627249601974E9    0.3188198213382258    0.04290317560478252    2.460874348885808E8     4.6228972728791624E7   8.391089    0.18785588  
  114136  216.8705749 29.9519500 0.014550567   0.12689822386419963    1.7555506980703206E9    0.4601512086043314    0.043545773010319415   2.227762654886795E8     4.2695719319516264E7   8.347869    0.19165291  
  114137  210.5005340 10.8305988 0.01347506    0.2320963425812476     1.1788533180185308E9    0.22480945255359705   0.040784769727983186   2.7360754355186933E8    4.7781333238777645E7   8.437128    0.17463456  
  113141  197.8819732 8.74320411 0.013377905   0.11238140713874493    3.436562363080392E9     0.38630595900313913   0.045031180363819964   3.862057140830249E8     6.808129545249072E7    8.586819    0.17628247  
  122006  343.2439880 1.14259254 0.016503453   0.10571707204451679    3.1623332134319143E9    0.4012162408360601    0.04574290524450061    3.3431260815314996E8    5.9003906219175756E7   8.524153    0.17649321  
  114141  210.1818847 31.8941726 0.014650703   0.08519090247509334    2.82887284118695E9      0.9001948268178492    0.05879746654554148    2.4099423032799768E8    4.599671619907566E7    8.382007    0.19086231  
  108147  123.8475189 28.7353496 0.019805789   0.10146810191432916    4.334852601695307E9     0.6163411055225165    0.05861344247089974    4.398492655724143E8     7.898400325439481E7    8.643304    0.17957062  
  108148  130.7195129 25.0704135 0.017245412   0.042225247573508776   3.125790243183851E9     0.289830692730834     0.0                    1.319872668812963E8     2.8889242869007118E7   8.120532    0.21887901  
  114144  217.1490325 25.7088813 0.013529301   0.29300245660166097    7.246517684210363E9     0.11824852950304887   0.0                    2.1232474832810159E9    3.5927154663833827E8   9.327001    0.16920851  
  112116  194.0254211 27.6781082 0.016434908   0.5649491919230638     1.3144321541536033E9    1.2538671416759706    0.05920223834382406    7.425873833267703E8     1.2917386216031937E8   8.870748    0.17395106  
  110080  154.6554718 3.26360702 0.014395237   0.2790962821058098     1.5806140432273986E9    0.26883336940462393   0.04774687247875605    4.4114350290899867E8    7.828338679308908E7    8.64458     0.1774556   
  113150  209.6609191 7.21651744 0.014653207   0.08210896238521352    8.464416905223015E9     0.7061492762809799    0.04749109468950055    6.950044892837219E8     1.204449497984179E8    8.841988    0.17330097  
  109139  139.1658020 7.26637697 0.01874125    0.10872926081814942    3.9039743717303333E9    0.879391315546627     0.06526894253876678    4.244762476912384E8     7.71946241668893E7     8.627853    0.18185852  
