#   Source_Name     SDSS_Name                    RA_str           Dec_str           z          e_z          lgMstar e_lgMstar_hi e_lgMstar_lo    SFR e_SFR_hi e_SFR_lo              sSFR        Mgas        e_Mgas            LPrmCO10  e_LPrmCO10
             A1     SDSS_J234311.26+000524.3     23:43:11.257     +00:05:24.319     0.096941   0.000007     10.74   +0.10   -0.09               30.0   +10.5   -8.1                 0.54        5.18e9      2.12e9              4.76e9      1.95e9
             A2     SDSS_J231332.46+133845.3     23:13:32.468     +13:38:45.301     0.081196   0.000008     10.99   +0.10   -0.10               28.4   +5.9   -5.2                  0.29        19.32e9     6.73e9              4.44e9      1.55e9
             A3     SDSS_J233455.23+141731.0     23:34:55.239     +14:17:31.093     0.062168   0.000010     11.03   +0.10   -0.09               21.5   +9.0   -6.4                  0.20        14.01e9     4.50e9              3.22e9      1.03e9
             A4     SDSS_J085504.16+525248.4     08:55:04.171     +52:52:48.320     0.089592   0.000028     10.92   +0.06   -0.10               49.9   +5.9   -4.6                  0.60        2.45e9      1.09e9              2.25e9      1.01e9
             A5     SDSS_J085307.26+121900.8     08:53:07.258     +12:19:00.827     0.080978   0.000011     11.01   +0.13   -0.11               42.3   +6.2   -6.3                  0.42        7.75e9      2.66e9              7.12e9      2.45e9
             A6     SDSS_J084549.66+573239.3     08:45:49.662     +57:32:39.329     0.085259   0.000005     10.80   +0.01   -0.01               35.4   +26.5   -9.0                 0.56        1.35e9      0.61e9              1.24e9      0.56e9
             A7     SDSS_J211527.81-081234.4     21:15:27.817     -08:12:34.441     0.090469   0.000006     10.86   +0.10   -0.09               40.9   +12.1   -8.7                 0.57        2.81e9      1.05e9              2.58e9      0.97e9
             A8     SDSS_J135751.77+140527.3     13:57:51.775     +14:05:27.317     0.099188   0.000027     11.21   +0.11   -0.10                7.5   +5.6   -2.8                  0.05        9.14e9      3.87e9              2.10e9      0.89e9
             A9     SDSS_J105733.59+195154.2     10:57:33.589     +19:51:54.274     0.077338   0.000007     10.55   +0.10   -0.09                3.7   +1.8   -1.1                  0.10        6.92e9      2.70e9              1.59e9      0.62e9
            A10     SDSS_J141601.21+183434.1     14:16:01.216     +18:34:34.171     0.055121   0.000008     10.75   +0.09   -0.09                5.1   +2.2   -1.4                  0.09        4.83e9      2.42e9              1.11e9      0.56e9
            A11     SDSS_J100559.89+110919.6     10:05:59.890     +11:09:19.688     0.076055   0.000006     10.72   +0.09   -0.08                8.9   +5.0   -2.4                  0.17        8.09e9      2.69e9              1.86e9      0.62e9
            A12     SDSS_J111150.65+281147.7     11:11:50.654     +28:11:47.767     0.098171   0.000012     10.55   +0.11   -0.09                3.4   +6.1   -1.9                  0.10        6.92e9      3.09e9              1.59e9      0.71e9
            A13     SDSS_J221938.11+134213.9     22:19:38.115     +13:42:13.890     0.083503   0.000012     11.06   +0.11   -0.10               11.7   +12.8   -5.8                 0.10        31.12e9     11.02e9             7.15e9      2.53e9
             B1     SDSS_J223528.63+135812.6     22:35:28.638     +13:58:12.619     0.183193   0.000017     11.43   +0.12   -0.13               88.2   +129.9   -50.5               0.33        80.95e9     24.68e9            18.60e9      5.67e9
             B2     SDSS_J002353.97+155947.8     00:23:53.973     +15:59:47.757     0.191773   0.000020     11.29   +0.12   -0.11               54.6   +30.1   -22.5                0.28        57.45e9     17.52e9            13.20e9      4.03e9
             B3     SDSS_J100518.63+052544.2     10:05:18.640     +05:25:44.225     0.165737   0.000012     10.79   +0.09   -0.09               47.1   +55.9   -23.3                0.76        6.50e9      2.01e9              5.97e9      1.85e9
             B4     SDSS_J105527.18+064015.0     10:55:27.188     +06:40:15.025     0.173078   0.000013     11.02   +0.11   -0.10               49.7   +82.8   -28.7                0.47        7.61e9      2.30e9              6.99e9      2.12e9
             B5     SDSS_J115744.35+120750.8     11:57:44.348     +12:07:50.792     0.182661   0.000010     11.24   +0.10   -0.09               51.1   +19.3   -14.5                0.29        46.57e9     14.06e9            10.70e9      3.23e9
             B6     SDSS_J124252.54+130944.2     12:42:52.548     +13:09:44.215     0.174661   0.000013     10.83   +0.23   -0.12               59.2   +15.9   -9.5                 0.87        5.68e9      1.78e9              5.22e9      1.63e9
             B7     SDSS_J091426.24+102409.6     09:14:26.239     +10:24:09.649     0.176180   0.000018     11.45   +0.10   -0.10               61.5   +83.6   -36.0                0.22        39.21e9     11.93e9             9.01e9      2.74e9
             B8     SDSS_J114649.18+243647.7     11:46:49.182     +24:36:47.703     0.176579   0.000021     11.07   +0.11   -0.09               106.1   +149.5   -81.1              0.89        3.71e9      1.24e9              3.41e9      1.14e9
             B9     SDSS_J134322.28+181114.1     13:43:22.288     +18:11:14.135     0.178004   0.000019     11.35   +0.12   -0.12               67.7   +84.8   -37.5                0.30        26.24e9     8.08e9              6.03e9      1.86e9
            B10     SDSS_J130529.30+222019.8     13:05:29.304     +22:20:19.867     0.190227   0.000010     10.96   +0.09   -0.10               75.0   +19.7   -15.8                0.82        10.10e9     3.06e9              9.28e9      2.81e9
             C1     SDSS_J092831.94+252313.9     09:28:31.941     +25:23:13.925     0.283020   0.000022     11.24   +0.10   -0.11               38.7   +85.9   -25.6                0.22        35.90e9     12.31e9             8.25e9      2.83e9
             C2     SDSS_J090636.69+162807.1     09:06:36.694     +16:28:07.136     0.300622   0.000010     11.20   +0.29   -0.14               57.5   +90.1   -21.9                0.37        46.57e9     14.11e9            10.70e9      3.24e9
             C3     SDSS_J132047.13+160643.7     13:20:47.139     +16:06:43.720     0.312361   0.000014     11.46   +0.25   -0.12               64.9   +142.9   -28.0               0.23        94.44e9     28.40e9            21.70e9      6.53e9
             C4     SDSS_J133849.18+403331.7     13:38:49.189     +40:33:31.748     0.285380   0.000015     11.26   +0.18   -0.12               50.5   +48.1   -15.4                0.28        53.53e9     16.18e9            12.30e9      3.72e9
 zCOSMOS_811469     SDSS_J100055.81+015703.8     10:00:55.82      +01:57:03.84      0.474100   0.000367     10.60   +0.15   -0.15               62.2   +77.1   -34.4                1.55        9.53e9      4.27e9              4.38e9      1.96e9
 zCOSMOS_811543     SDSS_J100052.41+014833.0     10:00:52.41      +01:48:32.92      0.527900   0.000367     10.69   +0.15   -0.15               71.9   +89.1   -39.8                1.47        9.68e9      4.34e9              4.45e9      2.00e9
 COSMOS_2019408     SDSS_J095939.07+022249.6     09:59:39.07      +02:22:49.94      0.470800   0.000367     10.73   +0.15   -0.15               78.7   +97.5   -43.5                1.47        9.49e9      4.25e9              4.36e9      1.96e9
 zCOSMOS_840823     SDSS_J095900.61+022833.0     09:59:00.62      +02:28:33.20      0.477800   0.000367     10.74   +0.15   -0.15               74.4   +92.1   -41.2                1.36        14.97e9     6.71e9              6.88e9      3.09e9
 