# Source        z      lgSFR lgSFR_err  lgMstar   metalZ_PP04    metalZ_err
B11.1:pa20      2.540  1.08  0.10       9.1       8.16           0.14
B11.2:pa45      2.540  1.42  0.11       -99       -99            -99
B2.1:pa20       2.537  0.20  0.03       8.2       -99            -99
B2.2:pa20       2.537   -99   -99       -99       -99            -99
MS1:pa20        2.534   -99   -99       8.5       -99            -99
B29.3:pa20      2.633  0.43  0.06       9.0       -99            -99
G3:pan20        2.540   -99   -99       -99       -99            -99
MS-Jm7:pan20    2.588   -99   -99       8.0       8.33           0.12
B5.3:pan20      2.636  0.47  0.05       9.1       -99            -99
B5.1:pan60      2.641  1.0   0.05       -99       -99            -99
G2              1.643  0.45  0.09       8.0       -99            -99
Lowz1.36        1.363  0.67  0.11       8.9       8.29           0.11
MSnewz3:pa45    3.007  0.65  0.55       8.6       -99            -99
B12.2:pa45      1.834  1.00  0.05       7.4       -99            -99
B8.2:pa45       2.662  1.36  0.07       8.2       -99            -99
B22.3:pa60      1.703  1.88  0.04       8.5       8.17           0.12
A68-C27:pa60    1.762  2.46  0.10       9.6       8.16           0.07