#            ID              RA             DEC               z           Mstar             SFR         deltaMS        deltaMS2        deltaGas         cosmoAge
#
           3189         10.0979         14.6137       0.0383301     1.11173e+10         2.36624        0.379397        0.179122        0.109755         12.7912
           3261         13.8859         15.7758       0.0374571     1.19674e+10         1.49383        0.165074        -0.04514       0.0978242         12.8022
           3465         18.0909         15.0108       0.0289761      1.5417e+10        0.215442       -0.714878       -0.965478         0.02816         12.9107
           3509         19.2985         13.3409       0.0482021     6.38264e+10         1.24354        -0.30642       -0.708647       0.0296117         12.6667
           3524         19.3171         14.6224       0.0379701     5.37031e+10        0.319687       -0.836258        -1.23025       0.0156247         12.7957
           3519         19.3671         14.7044       0.0426927     5.55904e+10         3.01375        0.120386       -0.271913       0.0304737         12.7359
           3504         19.5977         13.6246       0.0379892     1.44212e+10        0.738774       -0.182827       -0.415393       0.0584536         12.7955
           3819           25.43         13.6758        0.045252     4.68813e+10         10.7457        0.704781        0.336406        0.157948         12.7037
           3962         30.9964         14.3104       0.0425931     8.01679e+10         6.32852        0.361897      -0.0752389       0.0990822         12.7372
           4017         31.3231         13.5057       0.0256948     1.67881e+10        0.674139       -0.231526       -0.496372        0.028098          12.953
           3977         31.9353         14.0816       0.0323046      1.8281e+10        0.435695        -0.45304       -0.721042       0.0134495          12.868
           4030         32.4145         13.9832       0.0490846     2.14289e+11          1.1536       -0.609686        -1.15758       0.0174186         12.6556
           4038         32.8409         14.5043       0.0416505     5.19996e+10         1.49637       -0.166698       -0.552145       0.0381932         12.7491
           4048         33.0808         13.6127       0.0414304     3.58096e+10          1.5373      -0.0721382       -0.412251       0.0476684         12.7519
          13775         117.982          27.303       0.0264318     3.74111e+10        0.375468        -0.66239        -1.02612       0.0100694         12.9435
          56375         119.332         11.2061       0.0462552     6.95024e+10         1.27933         -0.3088       -0.723829       0.0422125         12.6911
          56319         120.845         9.96273       0.0345926     1.37088e+10        0.471668       -0.359907       -0.589871       0.0390256         12.8387
          51563         121.176         15.7757       0.0293155     2.99916e+10        0.776667       -0.304436       -0.637184       0.0448815         12.9063
          56304         121.392         10.3934       0.0340303     7.76248e+10          1.4949       -0.238849       -0.683266       0.0129744         12.8459
          32308         129.893         25.4771       0.0292136     1.03753e+10        0.323855       -0.451579       -0.652787       0.0355068         12.9076
          16695         135.315          4.1181       0.0278804     1.16413e+10        0.351057       -0.439163       -0.656075       0.0664861         12.9248
          25752         135.352         10.2002       0.0367647     3.58922e+10         2.34725        0.120873       -0.225097       0.0795053          12.811
          25763         135.797          10.152       0.0296062     1.30017e+10         1.64981        0.205308      -0.0234727         0.12818         12.9026
          57017         140.622         14.4621        0.032286     3.43558e+10        0.335155       -0.705434        -1.05142       0.0212325         12.8682
          20133         143.152         9.84054        0.048744     7.17794e+10         5.32823        0.298287       -0.117495       0.0448005         12.6599
           8349         144.973         3.81395       0.0286054     2.31739e+10        0.881836       -0.191319        -0.49292       0.0509232         12.9155
          18686         148.261         7.84149       0.0409959     3.55631e+10         1.90313       0.0230002       -0.316786       0.0715418         12.7574
          20292         148.455         9.19379       0.0293901     4.69894e+10        0.296173       -0.821641        -1.20999       0.0194626         12.9054
          20286         148.664         9.44464       0.0345917     3.41193e+10        0.990046       -0.238341       -0.580691       0.0581692         12.8387
          14831         151.376         5.67207       0.0444631      1.6293e+11         1.16473       -0.534183        -1.05529       0.0202184         12.7136
          26221          154.16         12.5774         0.03158      9.6605e+10         3.70551         0.11283       -0.361903       0.0843864         12.8773
          26368         154.922          12.843        0.032878     1.84501e+10         1.77541        0.153892       -0.114596        0.110198         12.8606
          26311          155.79         12.2395       0.0450636     1.33968e+11         1.34045         -0.4312       -0.927652      0.00981859         12.7061
          22999         155.818         11.8557       0.0453945     4.38531e+10         4.61682        0.352368     -0.00770387         0.10289         12.7019
          23120         158.386         11.8756       0.0337912     1.07895e+10        0.844979      -0.0524997        -0.25379        0.104182          12.849
          15181         160.012         6.02058       0.0469573     1.51356e+11         1.47619       -0.420621       -0.929312       0.0235779         12.6823
          15155          160.23         5.99141       0.0274047     1.54525e+10         3.73108        0.526252        0.273634         0.58997         12.9309
          15166         160.338         6.27898       0.0338941     1.04232e+10         1.25115        0.125343      -0.0715665       0.0499815         12.8476
          29555          160.44          13.898       0.0314168     2.39883e+10        0.107508        -1.11862        -1.42122       0.0120324         12.8793
           8914         161.009         4.66301       0.0265356      2.6485e+10         1.47645      0.00755148       -0.313069       0.0725244         12.9421
          23453         164.501         11.9871       0.0344985     1.33352e+10         1.90898        0.253517       0.0268579       0.0675249         12.8399
           5442         165.135         2.11607       0.0394283     1.26765e+11         3.60675       0.0236002       -0.473826       0.0303131         12.7772
          29624          165.21         13.5976       0.0339979     2.07492e+10         1.08891      -0.0864638       -0.368187        0.143371         12.8463
          12371         168.277         5.23417       0.0432518     6.25172e+10          2.2891      -0.0262024        -0.43214       0.0300123         12.7289
          12293         170.122         4.12838       0.0494009     2.07014e+11        0.956524       -0.684098        -1.22736       0.0152748         12.6517
          12460         170.201         3.83918       0.0491045     9.44062e+10        0.345321       -0.951653        -1.40019       0.0143786         12.6554
          29842         170.382         13.4266       0.0341464     6.26614e+10         2.34239       0.0030018       -0.414851       0.0909741         12.8444
          17865         172.336         8.60233       0.0268722     1.92309e+10         1.21665     -0.00719199       -0.287612       0.0721402         12.9378
          29892         172.443         15.3336       0.0366426     1.05196e+11         1.11936       -0.437162       -0.915507       0.0138743         12.8126
          24168         184.052         13.4376       0.0262256     2.73527e+10        0.156755       -0.972849        -1.29785       0.0152789         12.9461
          24183         184.434          13.171       0.0428295     5.88844e+10         4.38934        0.270668       -0.128492         0.11475         12.7342
          24741         184.462         8.43028       0.0490394     8.20351e+10         4.41043        0.185913       -0.245679       0.0348855         12.6562
          18421         185.027         10.0748       0.0433896     3.99945e+10         1.84909      -0.0204516       -0.371709       0.0358355         12.7271
          24094         185.126         11.3409       0.0430483     1.20781e+11        0.817192       -0.618686        -1.10524       0.0156105         12.7314
           6375         186.865         3.30213       0.0488073      1.1324e+11         8.83141        0.416445      -0.0545243       0.0769316         12.6591
          18469         188.215         8.73998       0.0338128     1.41254e+10         1.00471       -0.036543       -0.271043       0.0772154         12.8487
           6506         190.789         3.58119       0.0486402      5.8479e+10         7.04359        0.465184        0.074118        0.152697         12.6612
          26822         192.871         13.7818       0.0375729     1.06906e+11          2.7986      -0.0448274       -0.523895       0.0498061         12.8008
          40494         194.269         10.6207       0.0463357     1.44877e+11         1.21965       -0.492427       -0.996657       0.0165433         12.6901
          13227         194.959         5.04756       0.0481793     1.65959e+11         1.26747       -0.510014         -1.0282       0.0175512          12.667
          40439         196.063         9.22346       0.0350814     8.93306e+10         5.31945        0.279198       -0.181135       0.0694327         12.8325
           6749         196.962         3.19466       0.0385752     1.31523e+11         1.09147       -0.501696        -1.00481       0.0176332          12.788
          40781         199.893         10.4549       0.0479515     1.26474e+11         2.17787       -0.214163       -0.699683       0.0383506         12.6698
          25448         202.516         12.1752       0.0446986      4.8084e+10         1.84578      -0.0647094        -0.43685       0.0256444         12.7107
          40024         203.409          13.236        0.043267     1.43219e+11        0.162719        -1.35772        -1.86478      0.00746506         12.7287
          13512         204.051         4.74009       0.0344145     5.39511e+10        0.478019       -0.654895        -1.05395      0.00726259          12.841
           7050          207.29         2.75321       0.0487127     9.72747e+10        0.283164        -1.04362        -1.49629        0.010246         12.6603
          13624         207.968         3.45502       0.0296395     2.05116e+10         2.72844        0.323827       0.0385574        0.107087         12.9022
           9301         210.821         4.36317        0.046086     2.15774e+11          1.3097       -0.549156        -1.10217       0.0135872         12.6932
           7286         213.634         3.19026       0.0268786     5.34564e+10         1.42632       -0.161763       -0.569326      0.00818416         12.9377
          38462         213.941         10.4389       0.0257787     5.57186e+10        0.709264       -0.471832       -0.885977       0.0350939         12.9519
           9514          215.54         4.52114       0.0266227     3.25087e+10        0.212044       -0.880233        -1.22625       0.0143381          12.941
           7493         216.834         2.83838       0.0262326     3.64754e+10         2.57721        0.180137       -0.180679       0.0800978          12.946
           9619         217.139           3.262       0.0277786     1.09144e+11        0.621678        -0.68059        -1.17568        0.005641         12.9261
           7561         218.399         2.63871       0.0284777     3.84592e+10        0.295105        -0.77739        -1.14202       0.0231473         12.9171
           9814         218.451         3.95687       0.0293284     7.46449e+10        0.536276       -0.665056        -1.11088       0.0274475         12.9062
           9704         220.247         3.13709       0.0266097     8.87156e+10        0.372526       -0.855009        -1.32595        0.016731         12.9412
          38758         221.931         9.53817       0.0292411     6.02559e+10        0.175747        -1.10246        -1.52183      0.00747043         12.9073
          10019         222.972         3.36327       0.0308543     4.76431e+10         1.03518        -0.28435       -0.672561       0.0479308         12.8866
          41783         224.379         8.39066       0.0371084     1.21619e+11        0.983876       -0.526178        -1.02172       0.0171548         12.8067
          39119         227.359         10.2884       0.0275071     1.52405e+10        0.691133       -0.203199        -0.45399        0.108288         12.9296
          10218         227.918         3.67617       0.0462832     5.78096e+10         3.56856        0.177446       -0.215143       0.0802748         12.6907
          39270         228.086         9.34993       0.0345777     1.39316e+10         1.43018        0.118335       -0.113633       0.0645442         12.8389
          42025         228.781         7.02125       0.0367163     7.49894e+10        0.636249       -0.608152        -1.04479       0.0187515         12.8117
          41969         228.881         6.37038       0.0351552      2.6546e+10         4.45844        0.469218        0.158445        0.109263         12.8316
          39548         231.344          9.7312       0.0346703     2.61216e+10         2.43762        0.211528      -0.0978101       0.0700951         12.8377
          39595          231.82         10.0445       0.0435099      7.4302e+10         3.18422       0.0783862       -0.348283       0.0549462         12.7256
          39567         231.948         9.62491       0.0312017     3.70681e+10         1.11589       -0.197445       -0.554153       0.0293493         12.8821
          26958         236.726         5.89121       0.0418639     1.79887e+11         20.6248        0.698065        0.161206       0.0173749         12.7464
          47221         237.261         17.9404       0.0318074     3.43558e+10        0.825917       -0.312743       -0.659307       0.0277187         12.8743
          42402         237.855         25.7608       0.0457835      1.0617e+11         1.29634       -0.395867       -0.863034       0.0101187          12.697
          10831         330.844         12.6493       0.0272404     2.89734e+10        0.241111       -0.800563        -1.13151       0.0145331          12.933
          10850         331.412         12.4226       0.0356773     1.91867e+10        0.350434       -0.565013       -0.835204       0.0410759         12.8249
          10841         332.799         11.8007       0.0269999     2.30675e+10        0.445138        -0.48392       -0.786806       0.0301786         12.9361
          10885         333.052         12.2052        0.027568     1.10154e+10         1.59839         0.23184       0.0214659        0.115832         12.9288
          10943         333.919         13.6047       0.0275969     1.68267e+10        0.355613       -0.513636       -0.776624       0.0310718         12.9284
          10948         334.154          13.254       0.0257941     1.03753e+10        0.132824       -0.832022        -1.03682       0.0318008         12.9517
          10952         334.241         13.5431       0.0261596     2.93089e+10       0.0855878        -1.25062         -1.5843       0.0198868          12.947
          11071         344.361         13.0016        0.025647     3.59749e+10        0.719238        -0.36987       -0.729695       0.0149802         12.9536
          11120         345.929         13.9265       0.0270364     2.54097e+10         2.52177        0.248073      -0.0668081       0.0437235         12.9357
          11223         346.568         13.9823       0.0355901     4.33511e+10         4.64389        0.378126      0.00748836        0.181782          12.826
          11311         348.122         13.9423       0.0342225     8.22243e+10         0.53429       -0.698751        -1.15002       0.0289999         12.8435
          11298         348.377         14.0639       0.0392814     1.26765e+10         0.34789        -0.48399       -0.699369        0.141538         12.7791
          11295         348.395         13.9868       0.0397766     1.24165e+11         0.55554       -0.785015        -1.27943       0.0296747         12.7728
          11270         349.571         13.5741       0.0396026     1.17761e+10        0.969761      -0.0231428       -0.229152       0.0539922          12.775
          11349         349.651         15.2997       0.0255593     1.34586e+10         1.07358       0.0191278       -0.218327       0.0797801         12.9547
          11437         350.564         14.0807       0.0265307     3.60579e+10        0.449801         -0.5761       -0.935123        0.015559         12.9422
          11408         350.614         13.8159        0.025953      1.1246e+10         1.19918         0.10567       -0.109006       0.0785925         12.9497
          11514         350.861         15.4196       0.0428488     1.84927e+10         1.82269        0.144931       -0.112826       0.0605529          12.734
          11808         358.239         15.7125       0.0478269     5.99791e+10         4.33088        0.250084       -0.145068       0.0339799         12.6714
          11845         359.185         13.9099       0.0364259     4.00866e+10         3.17071        0.227866        -0.13212        0.100921         12.8154
          11824         359.448         15.6137       0.0380135     1.77828e+10        0.938941       -0.124913       -0.383177       0.0314822         12.7952
           4216         28.9666         14.9403       0.0438267     5.45758e+10         9.64617        0.627286        0.238649        0.173882         12.7216
          23685         170.798         13.1177       0.0469771     5.05825e+10         2.46469       0.0448328        -0.33067       0.0992904          12.682
          24426         189.095         13.6029       0.0305243     1.33352e+10         1.25636       0.0796292       -0.151299        0.123305         12.8908
          28168         190.229         8.05645       0.0476318     1.51705e+10         12.7194         1.02314        0.794624         0.10225         12.6738
          35981         208.285          35.714       0.0410621     1.98153e+10         1.24161      -0.0335131       -0.301666       0.0660565         12.7565
           9483         215.236         3.87152       0.0354268     5.16417e+10         2.23357       0.0221016       -0.370289       0.0380513         12.8281
           9551         216.885         4.82163       0.0267951      8.1283e+10         1.89012       -0.130957       -0.590758       0.0967328         12.9388
          38717         222.372         9.07921       0.0404837     2.60016e+10         4.59952         0.47642        0.174353       0.0677969         12.7639
          42013         229.019         6.84763       0.0369433     5.90201e+10         4.96473        0.336341      -0.0705598        0.132502         12.8088
          11112         345.668         13.3291       0.0276508      6.5313e+10         2.88703       0.0989612       -0.332508       0.0776633         12.9278
           1977         349.565         0.26118       0.0297128     6.03949e+10         1.32318        -0.22727       -0.646314       0.0425479         12.9012
          11513         350.665         15.7348       0.0412284     4.13048e+10        0.191128        -1.00868        -1.36649      0.00884303         12.7544
          23194         158.389         11.8714       0.0340041     3.90841e+10         4.98759         0.43527       0.0754564       0.0426504         12.8462
          11019         339.544         14.4406       0.0357837      1.1324e+10        0.328712       -0.477015        -0.68218       0.0749144         12.8235
          11340         348.319         14.9044       0.0357243     1.25893e+10         3.84441        0.567818        0.349547        0.269971         12.8243
          11994         6.49573          14.348       0.0372129     1.46893e+10        0.911797      -0.0939859       -0.329636       0.0743371         12.8053
           4230         29.2908         14.5499       0.0262399     1.01391e+11        0.566281       -0.701492        -1.18956      0.00630275          12.946
           4045         32.8898         13.9172       0.0264338     2.93089e+10         4.54294        0.473726         0.14038        0.122651         12.9434
           4041         32.9039         14.5126       0.0262177     2.57039e+10        0.943423       -0.179757       -0.497029       0.0281734         12.9462
           3981         33.5183          13.199        0.041643     3.54814e+10         4.36798        0.382974        0.044243        0.049386         12.7492
          51276         118.519         13.9541       0.0295792     2.36592e+10          2.4909        0.253099      -0.0499266       0.0884611         12.9029
          51336         119.071         14.6027       0.0472463     1.00231e+11        0.613716        -0.71111        -1.16933       0.0243053         12.6786
          56312         121.235         10.4392       0.0342978     1.26183e+10         1.16107       0.0501168       -0.169948        0.091095         12.8425
          19918         129.696         7.48071       0.0461423     6.63742e+10         1.80602       -0.148617       -0.558187       0.0287927         12.6925
          19949         135.046          7.7261        0.028824     4.88653e+10         1.76471      -0.0538793       -0.447788       0.0519058         12.9126
          56662         135.729         13.6607       0.0298597     1.75792e+10        0.457302       -0.418533       -0.684419       0.0884371         12.8993
          56632         136.154         13.5541         0.02797     1.00462e+11        0.897894       -0.503229       -0.987748       0.0212964         12.9236
          16655         136.165         5.51205       0.0333245     4.27562e+10        0.762961       -0.398405       -0.770139       0.0289668         12.8549
          14712         139.742          5.8884       0.0382316     3.54814e+10         4.24928        0.378107       0.0353059        0.150845         12.7924
          16841         142.902         6.95239       0.0317735     1.15878e+10         1.12786       0.0611371        -0.15108       0.0957749         12.8748
          14784         144.847         6.40167       0.0317495      1.1885e+11         1.36403       -0.367052       -0.867178      0.00905692         12.8751
          26056          147.53         12.7461       0.0295322     1.30317e+10         1.72702        0.224805     -0.00433314       0.0761368         12.9035
          18702         147.715         8.22798        0.029727     1.59956e+10        0.658826       -0.239013       -0.493344       0.0679758          12.901
          18673         148.257         7.46012       0.0384488     2.40436e+10         3.39906        0.366453       0.0716669        0.113682         12.7896
          18681         148.352          7.8323       0.0389288     4.70978e+10         0.46743       -0.644376        -1.02108       0.0149646         12.7836
          26040         148.405         12.1293       0.0301426     1.01158e+10        0.789185        -0.06099       -0.258095       0.0527364         12.8957
           5035          150.47         3.01132       0.0441539     5.92925e+10         1.10405       -0.333109       -0.731447       0.0206031         12.7175
          18877         155.105         7.67717       0.0452634     9.22572e+10        0.724199       -0.616486        -1.06724       0.0187683         12.7035
          18887         155.231         8.31375       0.0455801     5.78096e+10        0.666493        -0.54974       -0.943216       0.0373482         12.6996
           8724          155.63         4.58243       0.0285397     7.46449e+10         1.35812       -0.259762       -0.706631       0.0284564         12.9163
          23088          156.65         12.0402       0.0313558     4.19759e+10         1.29228       -0.161316       -0.533215       0.0703953         12.8801
          23026         156.842           11.08       0.0324157     1.45546e+11         1.37074       -0.410914       -0.935158       0.0208504         12.8666
          26598         158.458         12.8784       0.0251164     2.94442e+10         1.54479       0.0070254       -0.328496       0.0496311         12.9605
          26570         159.775         13.3649       0.0324276     1.00462e+10        0.583217       -0.195221       -0.389104       0.0641011         12.8664
          23227         159.805         12.1919       0.0480808     1.50314e+11         1.02106       -0.581724        -1.08803        0.010293         12.6682
          15211         160.103         6.86048       0.0303659      7.6913e+10          1.2014       -0.323633       -0.771774       0.0336819         12.8928
          26639         160.192         13.7833       0.0317481     1.75388e+10       0.0717994        -1.22589        -1.48939        0.048808         12.8751
          15165         160.427         6.19592       0.0330858      3.4435e+10        0.458308       -0.571699       -0.917011        0.036922          12.858
          15151         160.714         5.85989       0.0333607      9.7499e+10         1.40498       -0.314374       -0.787823       0.0377389         12.8545
          23320         160.875         12.0877       0.0265762      1.3122e+10         1.12973        0.044798       -0.188401       0.0795113         12.9416
          23245         160.913         12.0607        0.026217      1.2942e+10        0.900224      -0.0501004       -0.281965       0.0417403         12.9462
           8945         163.314          4.3342       0.0414592     6.68344e+10         3.80208        0.183266       -0.233103       0.0693297         12.7515
           8096         133.229         3.15234               0     1.89671e+10         0.92995      -0.0653428       -0.375667       0.0491595          13.291
          22822         147.937         35.6221       0.0269874     3.63078e+10         3.22452        0.276862       -0.082455       0.0689181         12.9363
          33737         149.714         32.0731       0.0265664     4.86408e+10         1.32781       -0.171525        -0.56774       0.0250185         12.9417
          55541         158.196         21.2156        0.042764     4.15911e+10         4.68391        0.375856       0.0190658        0.131799          12.735
          23419         162.827         12.7565       0.0398635     2.44343e+10         4.03116        0.434106        0.138952        0.106238         12.7717
          48521         169.412          26.585       0.0473559     1.95434e+10         1.28798      -0.0270188       -0.286587       0.0466976         12.6773
          24496         169.541         7.78165       0.0420538     3.99025e+10         1.93813      0.00328034        -0.34931       0.0823014          12.744
          48604         171.943         26.9596       0.0333787     3.95367e+10        0.944176       -0.288774       -0.650776       0.0156564         12.8542
          29871         173.052         13.4925       0.0343863     1.48936e+10         1.53443        0.134596       -0.105819       0.0508045         12.8414
          50550         190.367         28.7912       0.0350869     1.94089e+10         1.63337        0.102115       -0.170151        0.107128         12.8324
          13074         192.894         5.86356       0.0486046     7.12853e+10         4.55413        0.231935       -0.183179       0.0857502         12.6616
          13159         196.356         3.99159       0.0436282     2.32809e+10         1.21466      -0.0837953       -0.368773       0.0598189         12.7241
          51161         201.345         27.2491        0.034519     1.40281e+10         1.50704        0.139672      -0.0932184        0.122599         12.8397
          42191         223.516         30.8463       0.0320252     1.32434e+10         1.20643       0.0605895       -0.167876       0.0449567         12.8716
          41743         225.517         6.82303       0.0462404     2.81838e+10        0.834144       -0.294576       -0.599876       0.0928829         12.6913
          41869          227.34         7.07773       0.0414592     1.40929e+10         1.51019        0.125994       -0.100055        0.093287         12.7515
          28365         235.344         28.2297       0.0321495      2.2751e+10         3.99929        0.462062        0.166846        0.137447           12.87
          31592         118.632         16.8073       0.0459183      2.5293e+10         14.4127        0.967541        0.675043        0.185969         12.6953
          36169         118.634         16.8042       0.0461601     2.67301e+10         14.5642        0.959362        0.660411        0.161229         12.6923
          31775         119.174         17.9912       0.0410648      3.7325e+10         11.9276        0.809262        0.463648       0.0381396         12.7565
          17135         121.922         25.9253       0.0469645     3.36512e+10         18.3331         1.00666        0.680647       0.0912221         12.6822
          32257         127.435         22.4244       0.0249873     1.57761e+10         3.75448        0.529274        0.271389        0.260439         12.9621
          32568         134.741         28.9017       0.0424232      2.2856e+10          5.2814        0.560993        0.276909        0.160663         12.7393
          32619          136.25         28.3477       0.0484438     1.01158e+10         3.47932        0.548481        0.369973        0.165102         12.6636
          25852         139.519         10.8857       0.0479747     1.69824e+10         1.00641       -0.104235        -0.34608       0.0770574         12.6695
          22436         139.977         32.9333       0.0489976     2.63633e+10         34.4535         1.33064         1.03658        0.212755         12.6567
          33039         142.611         27.7756       0.0432889     2.32274e+10         5.85193        0.600243        0.315161        0.153464         12.7284
           8335         143.874         3.65504       0.0463253     1.03753e+10         2.42418        0.389933        0.206232        0.128469         12.6902
          26151         149.787         13.0594       0.0360351     2.10863e+10         6.85416        0.704838        0.423435        0.455252         12.8203
          23577         167.455         12.7715       0.0426082     2.73527e+10          11.709        0.866709        0.560897        0.170701          12.737
          48369         167.804         28.7119       0.0292106     2.07014e+10         4.67387        0.556442        0.269541        0.128031         12.9077
            522         171.078         0.64373       0.0262937     1.19674e+10         2.52526        0.414834        0.192783       0.0836717         12.9453
          12533         172.817         4.65244        0.033121     1.23027e+10         3.91944        0.586335        0.368153        0.168607         12.8575
          30332         185.801          14.389       0.0424149     3.11889e+10         8.43569        0.695695        0.373638        0.213671         12.7394
          30439         188.543         15.9682       0.0459985      1.1324e+11         7.10527         0.32824       -0.146482        0.119615         12.6943
          13005         192.857         3.86654        0.048559     1.92309e+10         7.84184        0.758685        0.502383        0.279798         12.6622
          25327         203.101         11.1064       0.0317191     1.07895e+10         24.9069         1.42097         1.21752        0.492037         12.8755
            947           204.2         1.15389       0.0468647     2.45471e+10         5.38514        0.544717        0.256925        0.166438         12.6834
          35649         205.013         29.1373       0.0445736     1.77011e+10         3.76519        0.466265        0.215728        0.184093         12.7122
          44718         207.644         29.3729       0.0382959     2.84446e+10          5.2847        0.521392        0.205794        0.176555         12.7916
          44710         207.987         29.3124       0.0357559     1.44544e+10          9.8676        0.946744        0.711501       0.0643875         12.8239
          13666         210.037         4.08078       0.0403697     1.49624e+10         12.2964         1.02566        0.791122        0.331346         12.7653
          44942         210.525         26.0609       0.0330375     2.77971e+10         8.35676        0.736307        0.417382        0.145009         12.8586
          31188           210.8         34.6846       0.0441517     1.01859e+10         3.07656        0.501616        0.317981        0.123218         12.7175
           1115         214.562         0.89111       0.0259666     1.29122e+10         5.77479        0.758094        0.526234        0.266978         12.9495
           1137         215.811         0.97835       0.0401345     1.90108e+10         3.61166        0.441213        0.177098       0.0974487         12.7683
          24973         218.827         35.1187       0.0285438      4.1115e+10         12.4403        0.832712        0.459868       0.0516599         12.9163
           1221         218.856         0.33433       0.0346348     1.59956e+10         6.84129        0.767602        0.518663        0.260126         12.8382
          41728         221.143          8.9371       0.0278116     1.51356e+10         4.10858        0.571838        0.322239       0.0763779         12.9257
          38809         221.584         10.5222       0.0313764     1.14551e+10         2.92652        0.478534        0.267321        0.173385         12.8799
          41904         226.325         8.15355        0.039239     1.29718e+10         29.5644         1.44034          1.2221       0.0696165         12.7796
          20790          227.02         34.3872       0.0448657     3.17687e+10          7.7495         0.64974        0.328296        0.190355         12.7085
         113008         209.231         14.1423       0.0150399     2.02383e+09        0.385143      0.00602432     -0.00414844         0.16931         13.0917
         113011         209.777         17.9347        0.017632     1.27669e+09        0.199927       -0.183057       -0.133136        0.124653         13.0578
         114010         217.194         27.2507       0.0147759     5.17799e+09         2.06965        0.532961        0.404051        0.108072         13.0952
         108016         128.486         26.9727        0.011746     3.69728e+09        0.606818       0.0787148      -0.0105317        0.101241          13.135
         108021         133.828         27.3462       0.0172763     4.34799e+09        0.505429      -0.0459877       -0.150472        0.108237         13.0624
         101004         20.3778          14.505       0.0140772     8.25184e+09        0.627093      -0.0853576        -0.27378       0.0523452         13.1043
         108026         128.015         24.0109       0.0182894     6.87236e+09         2.01348        0.452892        0.291849        0.292853         13.0492
         108029         122.816         25.1794       0.0138137     4.12147e+09        0.966094        0.253354        0.152325       0.0640225         13.1078
         114021         216.097         13.7984       0.0167724     2.38611e+09        0.307982       -0.129842       -0.159286        0.107251          13.069
         109010         143.511          9.4792       0.0101868     5.60077e+09        0.367089       -0.226528        -0.36992       0.0997493         13.1556
         109011         146.398         4.41059       0.0198236     3.19987e+09        0.243698       -0.300721       -0.364353       0.0479123         13.0292
         110013         154.303         13.1921       0.0174509      5.1241e+09         0.42722       -0.155015       -0.279985       0.0948879         13.0601
         108045         124.771         21.7914       0.0150278     1.21363e+10         1.57134        0.228044     -0.00804159        0.191291         13.0919
         108050         124.832         21.0589       0.0161809     5.61634e+09         0.72814       0.0589946      -0.0787626       0.0741668         13.0767
         101007         20.2889         15.6948       0.0171244     2.79401e+09        0.542681        0.081271        0.032276       0.0749947         13.0644
         108051         134.017          13.422       0.0140029     1.29154e+09       0.0603913       -0.699441       -0.653773       0.0709566         13.1053
         109028          141.87          3.9296       0.0177298     1.17419e+10         1.55793        0.226116     -0.00283267        0.138559         13.0565
         108054         134.954         5.06085       0.0125207     8.42107e+09        0.628147       -0.085995       -0.278631       0.0680522         13.1248
         114041         215.927          34.009       0.0129284     6.87269e+09        0.808787       0.0670007      -0.0995114        0.109412         13.1194
         112035         194.772         27.6444       0.0181611     4.68061e+09        0.760596        0.113847     0.000944601        0.127154         13.0508
         114046         213.671         13.3782        0.016564     2.44777e+09        0.842634        0.302092        0.269261        0.244107         13.0717
         112038         189.422         27.1296       0.0156072     1.45428e+09        0.887738        0.439445        0.471394        0.402771         13.0843
         109038         135.819         18.2611       0.0115442     1.61396e+09        0.739428        0.344353        0.359877        0.249792         13.1377
         124004         6.39337        0.846847       0.0178221     2.02624e+09        0.325554      -0.0720372      -0.0800317       0.0794364         13.0553
         108064         126.531         21.4567       0.0149198     3.64854e+09        0.379398       -0.128156       -0.212767        0.106914         13.0933
         111027         179.361         25.2331       0.0148914     2.34696e+09        0.202145       -0.305823       -0.334798       0.0633466         13.0936
         124006         4.94721        0.590795       0.0177914      5.6727e+09        0.548275      -0.0694056       -0.206837       0.0836767         13.0557
         110017         158.914         28.5658       0.0147412     7.08107e+09         1.37575        0.287758        0.119333        0.106055         13.0956
         109045         141.314         10.8867       0.0119971     7.27643e+09        0.116617       -0.784639        -0.95934       0.0434775         13.1317
         113062         200.395         26.3047       0.0165577     8.08561e+09        0.702351      -0.0365202       -0.219784        0.134409         13.0718
         109050         149.651         13.2553       0.0116618     1.83047e+09        0.347323      -0.0112665      -0.0115778        0.104439         13.1361
         112050         192.171         34.4776       0.0141975     2.60649e+09         1.12625         0.41862        0.375805        0.186455         13.1027
         113067          209.52         15.3148       0.0187453     7.75042e+09         1.93738         0.40913        0.233458        0.100121         13.0432
         111035         167.688         12.0161       0.0108444     5.61268e+09        0.702996       0.0539464      -0.0890522       0.0624925         13.1469
         109058         148.016         19.6511       0.0161347     8.06047e+09         0.44045        -0.23769       -0.420997       0.0596841         13.0773
         108080         120.394         9.30485       0.0152357     2.05799e+09       0.0224796        -1.23178         -1.2439       0.0465117         13.0891
         114072         210.943         14.8681       0.0146554     1.16669e+09         1.14255        0.598424         0.65743        0.523869         13.0967
         109066         137.349         22.5139        0.014887     9.66555e+09         0.28085       -0.470091       -0.677613       0.0203826         13.0937
         124010         5.99747         15.7704       0.0177361     8.49671e+09         2.93529        0.571523         0.38325        0.167105         13.0564
         110038         150.568         19.2157       0.0166709     9.95152e+09        0.513621       -0.217757       -0.427035       0.0469029         13.0703
         112068         181.041         1.82598       0.0172315     4.73068e+09        0.351319       -0.222193       -0.337332        0.063425          13.063
         122002         340.294         13.3399        0.017265     2.92205e+09        0.488398       0.0255189      -0.0289932        0.124183         13.0626
         110040         156.287         13.6014       0.0186013     6.79491e+09        0.295944       -0.377978       -0.537278       0.0603389         13.0451
         109072         145.133         28.9693       0.0188514     4.74815e+09        0.577864     -0.00987091       -0.123913       0.0621302         13.0418
         111047         175.725         0.16186       0.0184385     1.43618e+09        0.476071        0.166798        0.202559        0.273238         13.0472
         110041         159.913         25.3227       0.0172381     8.58876e+09         3.25028        0.614414        0.424265        0.186334         13.0629
         109077         147.827         9.13923       0.0178384     3.19204e+09        0.105839       -0.658841       -0.723951       0.0481547         13.0551
         124012         1.62208         14.1824        0.017801     5.55644e+09        0.161621       -0.595419       -0.730242        0.105252         13.0556
         108093         128.876         23.6762       0.0167607     8.67961e+09        0.674244      -0.0700409       -0.262023       0.0821746         13.0692
         114090         217.198         13.8212       0.0175691     1.76936e+09        0.370023       0.0134698       0.0223109        0.149758         13.0586
         108094         130.735         13.6416          0.0168     4.77512e+09         1.48755         0.40334        0.286615        0.194164         13.0686
         123006         348.446         13.6876       0.0153966     6.99183e+09           1.096        0.190526       0.0243737       0.0912311          13.087
         109081         149.177         15.6365       0.0151823     1.67002e+09         2.41684        0.845098        0.859278        0.840133         13.0898
         113091         207.705         17.2821       0.0175136     1.45935e+09        0.204005       -0.203161        -0.17014         0.26257         13.0593
         113098         198.397         29.1265       0.0200851     7.20186e+09        0.221001       -0.520269        -0.68537        0.107103         13.0258
         123008         356.716         14.4807       0.0195533     2.72129e+09        0.231563       -0.287163       -0.330712        0.153951         13.0327
         109088         149.722         15.3799       0.0154685     3.33173e+09        0.320113        -0.18323       -0.255881       0.0567801         13.0861
         111057         177.135         12.7053       0.0146253     1.93547e+09        0.132011       -0.448593       -0.453477       0.0947932         13.0971
         108106         122.529         18.6384       0.0163211     7.05149e+09         7.61772         1.02893        0.862649         0.28614         13.0749
         109092         144.511         27.6566       0.0178159     4.99528e+09        0.401011       -0.177645        -0.29907       0.0861189         13.0554
         110054          161.01         22.2575       0.0196992     5.66369e+09        0.199315       -0.512093       -0.647447       0.0550469         13.0308
         113100         195.149         27.5742       0.0169598     7.83886e+09        0.385711       -0.290861         -0.4698        0.105647         13.0665
         123010         349.402         14.0012       0.0147859      8.7467e+09          2.4291        0.488746         0.29372         0.17836          13.095
         108113         124.607         29.9596       0.0198628     7.57567e+09        0.611242      -0.0890409       -0.260714       0.0562943         13.0287
         111063         179.606         25.0977       0.0141484     4.10306e+09        0.118499       -0.657594        -0.75774        0.040352         13.1034
         109097         144.644          8.8879       0.0108653     8.92239e+09       0.0274241        -1.45521        -1.65693      0.00944122         13.1466
         101021         19.2233        0.153127       0.0188849     1.65776e+09        0.276305       -0.101442      -0.0833485        0.104101         13.0414
         109100         146.629         15.8863       0.0127815     3.22002e+09        0.130439       -0.560882       -0.631686       0.0489682         13.1214
         109101          136.02         22.0616       0.0103166     1.01905e+09        0.137526       -0.284626       -0.211782       0.0481561         13.1538
         109102         140.314         3.15109       0.0117707     2.38361e+09        0.380328      -0.0291899      -0.0628427        0.169012         13.1347
         110059         159.805          31.114       0.0188864     2.59854e+09        0.234954       -0.269631       -0.307969       0.0536726         13.0414
         109103          144.17         2.70355       0.0188519      2.8357e+09        0.136195       -0.525398       -0.574725       0.0410555         13.0418
         111067         172.409         9.96759        0.019686     1.85604e+09        0.314745       -0.070812      -0.0662528        0.155931          13.031
         109106         148.465         13.6151        0.016275     4.43542e+09        0.484221      -0.0670856       -0.175028         0.12565         13.0755
         114113         210.791         12.1704       0.0171752     1.18058e+09        0.243725       -0.079274      -0.0198493       0.0911917         13.0637
         114115         212.137          3.0243       0.0175395      4.4391e+09         0.32673       -0.240444       -0.347292        0.118451          13.059
         109108         146.081         9.98479       0.0101898     4.12869e+09       0.0787807       -0.828946        -0.93365       0.0788611         13.1555
         113114         196.659         28.8485       0.0160289     1.07649e+09        0.841332        0.480722        0.550905        0.486129         13.0787
         111070         177.584         25.9619       0.0125296     2.28321e+09        0.965097        0.383206        0.355659        0.251276         13.1247
         101025         18.6558         1.18149       0.0154109     6.86555e+09        0.447063       -0.194991       -0.358829        0.089223         13.0868
         109112         141.535         34.8954       0.0162809     2.91069e+09         1.63086        0.551751        0.496863        0.207188         13.0754
         110063         163.803         5.86256       0.0116484     1.49191e+09        0.158339       -0.308114       -0.282545       0.0646722         13.1363
         114117         216.572          15.686       0.0198324     1.64367e+09        0.190703       -0.262211       -0.242294       0.0955869         13.0291
         107026         118.638         29.7108       0.0167433      2.3425e+09        0.383505      -0.0305349      -0.0576848       0.0769792         13.0694
         114121         215.204         25.9588       0.0148865      5.9287e+09        0.233956        -0.44339       -0.589262       0.0962992         13.0937
         113118         204.624         30.9869       0.0159826     1.31406e+09         0.23942       -0.108307       -0.063279       0.0878427         13.0793
         112106         180.904         2.63047       0.0192775     2.11826e+09       0.0443732       -0.949712       -0.962067        0.124856         13.0363
         113122         209.689         20.6619       0.0162282     7.77309e+09        0.585289       -0.106509       -0.285149       0.0754784         13.0761
         113124         200.713         31.8259       0.0178778     2.55993e+09        0.555447        0.109048       0.0717232        0.117947         13.0545
         111079         174.258         15.5706       0.0132987     7.63618e+09        0.854265       0.0672298       -0.112224       0.0719055         13.1146
         114127         214.391         25.1145       0.0171249     3.37995e+09       0.0858247       -0.761029       -0.833975       0.0402874         13.0644
         108129         123.062         35.1571       0.0175779     2.95854e+09        0.386427      -0.0794429       -0.135236        0.110318         13.0585
         111086         174.811         14.9924       0.0141677     4.39718e+09        0.414029       -0.129334       -0.238195       0.0540792         13.1031
         124027         13.1163         14.5183        0.018203     6.03941e+09        0.527494       -0.100583       -0.245476       0.0635184         13.0503
         111088         178.574          32.861       0.0106871     2.04569e+09        0.157817       -0.376207        -0.39143       0.0806393          13.149
         111090         176.551         10.5955       0.0102463     1.22448e+09        0.255913      -0.0545103     -0.00501795       0.0925307         13.1548
         111091         178.744         26.2025       0.0171487     5.02199e+09        0.488243      -0.0920871       -0.214826       0.0787144         13.0641
         109126         143.746         25.8257        0.013148     1.39503e+09        0.162809       -0.284018       -0.248753       0.0920896         13.1165
         112112         186.417         20.5285       0.0183225     8.22418e+09        0.502854       -0.188737       -0.372295        0.130334         13.0487
         108142         124.816         19.3132       0.0192047     4.11585e+09        0.901546        0.213736        0.117966       0.0651511         13.0372
         113136         206.755         33.8936       0.0166303     6.02428e+09        0.698845       0.0250978       -0.121053       0.0923778         13.0709
         101037         24.4047       0.0401744       0.0164554     2.05646e+09         0.31882      -0.0819818      -0.0929736        0.119665         13.0731
         114136         216.871          29.952       0.0145506     1.75555e+09        0.460151        0.114993        0.122355        0.126898         13.0981
         114137         210.501         10.8306       0.0134751     1.17885e+09        0.224809       -0.107937      -0.0511403        0.232096         13.1122
         113141         197.882          8.7432       0.0133779     3.43656e+09        0.386306       -0.104547       -0.183022        0.112381         13.1135
         122006         343.244         1.14259       0.0165035     3.16233e+09        0.401216      -0.0756928       -0.140824        0.105717         13.0725
         114141         210.182         31.8942       0.0146507     2.82887e+09        0.900195        0.302766        0.250014       0.0851909         13.0968
         108147         123.848         28.7353       0.0198058     4.33485e+09        0.616341       0.0361925      -0.0655223        0.101468         13.0294
         108148          130.72         25.0704       0.0172454     3.12579e+09        0.289831        -0.21573        -0.27873       0.0422252         13.0628
         114144         217.149         25.7089       0.0135293     7.24652e+09        0.118249        -0.78067       -0.953256        0.293002         13.1115
         112116         194.025         27.6781       0.0164349     1.31443e+09         1.25387        0.609973        0.655313        0.564949         13.0734
         110080         154.655         3.26361       0.0143952     1.58061e+09        0.268833      -0.0953846      -0.0749097        0.279096         13.1002
         113150         209.661         7.21652       0.0146532     8.46442e+09        0.706149      -0.0404194       -0.231455        0.082109         13.0968
         109139         139.166         7.26638       0.0187413     3.90397e+09        0.879391        0.215281        0.125705        0.108729         13.0433
