      130.41796901372481443104
      128.17627062035450080657
      127.98567128803441050877
      127.86644195546951152664
      127.75061304266804995677
      127.63582832587218263143
      127.52198879646101659091
      127.40907382416500581712
      127.29706603343313986443
      127.18594867949981619404
      127.07570553231340682032
      126.96632084991225042359
      126.85777935678405015096
      126.75006622387067523050
      126.64316704986302397629
      126.53706784361570214514
      126.43175500756269968861
      126.32721532204288905632
      126.22343593046075227448
      126.12040432521956745404
      126.01810833437239978139
      125.91653610894256587471
      125.81567611086946101295
      125.71551710154096781480
      125.61604813087551235640
      125.51725852692118223786
      125.41913788594064271820
      125.32167606295449502340
      125.22486316271574935399
      125.12868953109146730185
      125.03314574682934789962
      124.93822261368696047157
      124.84391115290502227708
      124.75020259600560734725
      124.65708837789796348261
      124.56456013027639073698
      124.47260967529403785647
      124.38122901949938636790
      124.29041034802179410690
      124.20014601899278261499
      124.11042855819259500549
      124.02125065390998770454
      123.93260515200512372758
      123.84448505116583305607
      123.75688349834756252221
      123.66979378438901449044
      123.58320933979459255170
      123.49712373067600879040
      123.41153065484566297982
      123.32642393805529934525
      123.24179753037262230464
      123.15764550269017263417
      123.07396204336046707795
      122.99074145495168863818
      122.90797815111858426462
      122.82566665358402246966
      122.74380158922571126823
      122.66237768726435319877
      122.58138977654827783681
      122.50083278293092803324
      122.42070172673697925347
      122.34099172031373825575
      122.26169796566428260576
      122.18281575215857515104
      122.10434045432010918830
      122.02626752968438950120
      121.94859251672681921264
      121.87131103285705080452
      121.79441877247715808608
      121.71791150510142642815
      121.64178507353494751442
      121.56603539210915698732
      121.49065844497184230022
      121.41565028442985862966
      121.34100702934220805673
      121.26672486356200408864
      121.19280003442517568146
      121.11922885128426230494
      121.04600768408597843973
      120.97313296199041587897
      120.90060117203080380932
      120.82840885781237716401
      120.75655261824830688511
      120.68502910633263525142
      120.61383502794757305310
      120.54296714070493123927
      120.47242225281982541674
      120.40219722201635477177
      120.33228895446312378681
      120.26269440373839358926
      120.19341056982389659424
      120.12443449812543860844
      120.05576327852060103396
      119.98739404443176681525
      119.91932397192404380348
      119.85155027882713341114
      119.78407022388053349005
      119.71688110590091014274
      119.64998026297149635866
      119.58336507165246587192
      119.51703294621155748700
      119.45098133787450933596
      119.38520773409466357862
      119.31970965784107363561
      119.25448466690437498983
      119.18953035322039113453
      119.12484434221025253464
      119.06042429213724176407
      118.99626789347891531179
      118.93237286831529786468
      118.86873696973154324041
      118.80535798123513302471
      118.74223371618720079823
      118.67936201724748457309
      118.61674075583241005916
      118.55436783158624791668
      118.49224117186437865712
      118.43035873122910572874
      118.36871849095690834019
      118.30731845855720507643
      118.24615666730241514415
      118.18523117576852143884
      118.12454006738639122887
      118.06408145000312970296
      118.00385345545338111606
      117.94385423914033594883
      117.88408197962617407484
      117.82453487823144655522
      117.76521115864338185020
      117.70610906653296012792
      117.64722686918042882098
      117.58856285510853467713
      117.53011533372449548551
      117.47188263496887827841
      117.41386310897286193722
      117.35605512572190889387
      117.29845707472760807377
      117.24106736470557166285
      117.18388442326086362755
      117.12690669657941100468
      117.07013264912639272097
      117.01356076335069644756
      116.95718953939511663975
      116.90101749481333115455
      116.84504316429189429982
      116.78926509937852529220
      116.73368186821528524888
      116.67829205527797853392
      116.62309426112000210196
      116.56808710212159496677
      116.51326921024448779463
      116.45863923279084417572
      116.40419583216726095998
      116.34993768565354343991
