# ID    lgMstar      lgMHI  METALZ E_METALZ  SFR_GALEX Field_or_Virgo_Cluster
   1       9.13        -99    8.64    0.11      -99    F
   2       9.25       8.45    8.55    0.19     0.39    F
  10       9.48       8.76    8.49    0.09      -99    F
  11       9.86       8.79    8.57    0.09     0.85    F
  12       8.96       8.69    8.38    0.10     0.14    F
  13      10.81       9.32    8.69    0.05      -99    F
  16      10.23       9.12    8.68    0.01     1.08    F
  17      10.15       9.42    8.55    0.06     1.62    F
  19       9.97       9.32    8.67    0.06     1.34    F
  20      10.11       9.46    8.48    0.04     3.51    F
  21       9.05       8.19    8.55    0.01     0.03    F
  24      10.55      10.04    8.66    0.22     2.65    F
  25      10.33       9.24    8.67    0.03     2.01    F
  26       9.26       8.66    8.37    0.19     0.14    F
  27       9.61       8.62    8.66    0.03     1.15    F
  28       9.68       8.84    8.68    0.10     0.66    F
  29       9.41       8.54    8.60    0.09     0.15    F
  30       9.54       9.12    8.53    0.27     0.79    F
  31      10.39       9.77    8.34    0.04     1.87    F
  33      10.26       9.33    8.61    0.33     1.44    F
  37      10.03       8.86    8.72    0.22     0.93    F
  38       9.57       9.02    8.33    0.18      -99    F
  39       9.45       9.17    8.57    0.01     0.22    F
  40       9.83       9.13    8.53    0.02     1.18    F
  42      10.45       9.36    8.75    0.10      -99    F
  44       9.18       8.42    8.42    0.09     0.51    F
  47       9.79       9.48    8.41    0.18     1.53    F
  48      10.59       9.51    8.64    0.17     3.81    F
  50      10.45       9.23    8.69    0.13     2.75    F
  51       9.68       9.31    8.53    0.07      -99    F
  53       9.95       9.42    8.58    0.32     0.86    F
  55      10.08       9.27    8.69    0.15     1.16    F
  56      10.62       9.06    8.67    0.10     1.53    F
  57      10.47       8.91    8.72    0.10     1.49    F
  58       9.41       8.28    8.44    0.23     0.33    F
  59      10.28       9.28    8.69    0.18     0.88    F
  61       9.09       9.01    8.32    0.06     0.22    F
  62       9.88       9.65    8.35    0.15     1.64    F
  64       9.49       8.76    8.41    0.27      -99    F
  65       9.56       9.27    8.36    0.06     0.65    F
  66      10.39       9.40    8.44    0.29     1.82    F
  67       9.40       8.96    8.32    0.10     0.45    F
  68       9.36       8.01    8.27    0.08     0.07    F
  70       9.46       8.92    8.50    0.17     0.85    F
  72       9.50       9.23    8.26    0.02     0.87    F
  73      10.86       9.40    8.86    0.22      -99    F
  74      10.21       9.12    8.66    0.08      -99    F
  76       9.15       8.63    8.33    0.07      -99    F
  77      11.08       9.82    8.69    0.10     7.58    F
  78       9.65       9.23    8.58    0.20     0.64    F
  79       9.31       9.06    8.54    0.33     0.55    F
  80       9.80       8.48    8.47    0.31     0.35    F
  83       9.04       8.09    8.34    0.15     0.15    F
  84       9.77       8.56    8.80    0.10     0.33    V
  85      10.63       9.38    8.71    0.13     1.54    F
  86       9.92       9.54    8.53    0.10     1.44    V
  88      10.07       9.58    8.81    0.15     1.70    V
  89      10.19       9.68    8.45    0.02     1.76    V
  91      11.08       9.63    8.76    0.10     2.24    V
  92       9.53       8.87    8.65    0.02      -99    V
  94      10.01       9.42    8.57    0.03     0.50    V
  95      10.07       8.59    8.64    0.09     0.35    V
  96      10.61       8.99    8.71    0.10      -99    V
  98       9.87       9.15    8.42    0.33     0.29    V
  99       9.23       7.82    8.64    0.14     0.16    V
 102      11.00       9.79    8.73    0.12    12.4     V
 108       9.58       8.24    8.66    0.10     0.05    V
 110       9.90       9.51    8.50    0.15     1.28    V
 114      11.07       9.85    8.76    0.11    11.3     V
 118       9.36       9.10    8.26    0.06     0.47    V
 122      11.20       9.60    8.75    0.10     8.46    V
 128       9.79       8.49    8.39    0.01     0.30    V
 130       9.70       8.46    8.62    0.06     0.44    V
 132       9.60       9.03    8.56    0.11     0.70    V
 133       9.83       9.23    8.46    0.04     0.34    F
 139       9.64       8.78    8.58    0.12     0.61    V
 142       9.97       9.48    8.57    0.03     1.76    V
 143      10.22       9.52    8.40    0.13     1.13    V
 145       9.83       8.98    8.43    0.22     0.79    V
 146       9.91       8.80    8.55    0.01     0.32    V
 148       9.64       9.11    8.36    0.24     0.69    V
 149      10.46       8.87    8.68    0.10     0.61    V
 151       9.93       8.88    8.68    0.10     0.46    V
 152       9.88       8.33    8.71    0.21     0.73    V
 153       9.78       8.56    8.65    0.29     0.48    V
 154       9.90       9.34    8.49    0.33     1.13    V
 157       9.92       8.89    8.59    0.03     1.00    V
 158       9.55       9.26    8.30    0.04     0.44    V
 160      10.31       9.11    8.58    0.32     1.11    V
 165       9.37       8.42    8.40    0.29     0.18    V
 168       9.37       9.23    8.29    0.02     0.46    V
 169       9.61       8.48    8.34    0.17     0.59    F
 171      10.12       8.57    8.66    0.19     0.81    V
 177       9.73       8.70    8.52    0.12     0.69    V
 182       9.86       8.90    8.68    0.28     0.56    V
 187       9.85       9.56    8.61    0.04     1.92    V
 188       9.95       9.12    8.65    0.16     0.74    V
 189       9.47       8.34    8.59    0.14     0.37    V
 190      11.38       9.32    8.77    0.10     5.44    V
 191       9.10       8.20    8.48    0.01     0.15    V
 193       9.44       8.54    8.60    0.12     0.69    V
 194      10.84       9.96    8.53    0.03     1.88    V
 196       9.95       9.42    8.37    0.25     1.39    V
 197       9.87       8.69    8.51    0.48     0.63    V
 198       9.71       8.82    8.54    0.02     0.37    F
 199       9.56       7.96    8.60    0.23     0.23    V
 201      11.06       9.84    8.81    0.10     2.06    V
 203       9.96       9.61    8.32    0.05     2.55    V
 204      11.03       9.59    8.77    0.10     4.78    V
 205      10.80       9.71    8.70    0.21     4.96    V
 206       9.64       7.94    8.77    0.39     0.26    V
 207      10.11       8.45    8.66    0.10     0.67    V
 212       9.63       9.40    8.37    0.12     1.05    F
 215      10.36       8.68    8.65    0.10     1.61    V
 216      10.82       8.99    8.77    0.22     2.44    V
 223       9.02       8.40    8.26    0.17     0.11    V
 225       9.20       7.81    8.58    0.32     0.19    V
 227       9.64       9.95    8.33    0.19     1.07    F
 230       9.74       8.69    8.61    0.02     0.60    V
 233      10.02       8.3     8.71    0.10     0.22    V
 237       9.86       8.76    8.66    0.16     0.73    V
 238       9.02       9.28    8.30    0.14      -99    F
 239      10.09       8.66    8.73    0.11     0.92    V
 244      10.40       8.67    8.61    0.10     1.73    V
 246      10.59       9.63    8.75    0.07     2.35    V
 247      10.72       9.55    8.65    0.07     4.40    V
 252       9.70       9.18    8.40    0.04     0.75    F
 254      10.66       8.84    8.66    0.10      -99    V
 259       9.85       9.58    8.38    0.31      -99    V
 261       9.64       8.73    8.60    0.10     0.11    F
 262      10.01       9.58    8.43    0.10     2.12    V
 264       9.39       8.4     8.45    0.10     0.07    F
 265       9.521       -99    8.36    0.04     0.70    F
 266      10.12      10.15    8.48    0.08     3.39    F
 267       9.99       9.22    8.48    0.04     0.53    F
 268      10.00       9.09    8.55    0.25     1.14    V
 271       9.76       9.13    8.45    0.13     0.26    V
 273      10.14       8.92    8.69    0.10     0.49    V
 275      10.16       9.64    8.52    0.02     3.81    F
 280       9.91       8.62    8.75    0.10     0.23    V
 281       9.02       9.03    8.51    0.26     0.12    F
 283      10.16       9.72    8.56    0.28     2.08    V
 284      10.17       8.92    8.71    0.09     0.45    F
 287      10.06       8.99    8.63    0.04     1.07    V
 289      10.62       9.68    8.70    0.14     3.96    F
 290       9.75       8.58    8.56    0.23     0.31    F
 292      10.02       9.02    8.77    0.10     0.68    F
 293       9.78       8.96    8.51    0.00     1.18    F
 294       9.80       8.89    8.53    0.31      -99    F
 295      10.65       9.73    8.81    0.06     5.09    F
 297      10.46       9.56    8.56    0.06     1.47    F
 298       9.75       8.98    8.53    0.09     1.09    F
 299      10.32       9.20    8.64    0.02     0.84    F
 301      10.31       9.48    8.62    0.12     1.39    F
 302       9.59       9.19    8.45    0.04     0.27    F
 303       9.71        -99    8.65    0.08     1.02    F
 305       9.28       7.74    8.68    0.16     0.08    F
 308       8.77        -99    8.45    0.05     0.02    F
 309       9.28       9.08    8.34    0.07      -99    F
 310      10.16       8.89    8.64    0.24     0.74    F
 313       9.98       9.05    8.57    0.08     0.58    F
 314       9.66       9.27    8.34    0.18     0.96    F
 315       9.24       9.30    8.34    0.16     0.66    F
 317       9.25       8.82    8.56    0.01     0.24    F
 318      10.02       9.25    8.30    0.25     1.21    F
 319      10.03       9.86    8.39    0.20     1.92    F
 320      10.28       9.80    8.59    0.11     3.27    F
 321       9.69       8.66    8.58    0.02     0.90    F
 323      10.20       9.22    8.65    0.01     0.51    F
 